0.000000000000000000e+00 1.515589486874918300e-35
1.000000000000000000e+00 4.068045600886038376e-27
2.000000000000000000e+00 2.281306544572394082e-02
3.000000000000000000e+00 1.901774267321855102e-02
4.000000000000000000e+00 1.261521755623942406e-02
5.000000000000000000e+00 9.506220512137699558e-03
6.000000000000000000e+00 6.664320401296839995e-03
7.000000000000000000e+00 6.258794516135887318e-03
8.000000000000000000e+00 4.681611170433792532e-03
9.000000000000000000e+00 4.425768300902710797e-03
1.000000000000000000e+01 3.396765707863452690e-03
1.100000000000000000e+01 2.831779377270970087e-03
1.200000000000000000e+01 2.211748976886751972e-03
1.300000000000000000e+01 1.931277410947487535e-03
1.400000000000000000e+01 1.391582749519746547e-03
1.500000000000000000e+01 1.119327775152373968e-03
1.600000000000000000e+01 8.668327344841780108e-04
1.700000000000000000e+01 7.690960321342136218e-04
1.800000000000000000e+01 6.860889360241596109e-04
1.900000000000000000e+01 5.774884706246941881e-04
2.000000000000000000e+01 4.827215633909592396e-04
2.100000000000000000e+01 3.992420053597187557e-04
2.200000000000000000e+01 3.453285737170676121e-04
2.300000000000000000e+01 2.810804183414091070e-04
2.400000000000000000e+01 2.586298277226396357e-04
2.500000000000000000e+01 2.356852373441999755e-04
2.600000000000000000e+01 2.003077829487865248e-04
2.700000000000000000e+01 1.688292083874544337e-04
2.800000000000000000e+01 1.497646894914731776e-04
2.900000000000000000e+01 1.263942028721737278e-04
3.000000000000000000e+01 1.092094302032038346e-04
3.100000000000000000e+01 9.901116543847070738e-05
3.200000000000000000e+01 8.702905462864505550e-05
3.300000000000000000e+01 7.541118307632245336e-05
3.400000000000000000e+01 6.799659915191549062e-05
3.500000000000000000e+01 6.061065852805022999e-05
3.600000000000000000e+01 5.353228869030903929e-05
3.700000000000000000e+01 4.926562908817028603e-05
3.800000000000000000e+01 4.544421976119490588e-05
3.900000000000000000e+01 4.148965009402156526e-05
4.000000000000000000e+01 3.729425004118929073e-05
4.100000000000000000e+01 3.496878928111191176e-05
4.200000000000000000e+01 3.149294657449436762e-05
4.300000000000000000e+01 2.820383027275488654e-05
4.400000000000000000e+01 2.626059930047524582e-05
4.500000000000000000e+01 2.508154871980144111e-05
4.600000000000000000e+01 2.376920519726859955e-05
4.700000000000000000e+01 2.251385350890797870e-05
4.800000000000000000e+01 2.270246021860348833e-05
4.900000000000000000e+01 2.259880788450126368e-05
5.000000000000000000e+01 2.166214983771438328e-05
5.100000000000000000e+01 2.180769472753356093e-05
5.200000000000000000e+01 2.186322680186575775e-05
5.300000000000000000e+01 2.134552767312409787e-05
5.400000000000000000e+01 2.082178683396262525e-05
5.500000000000000000e+01 2.306835214050676340e-05
5.600000000000000000e+01 2.168203787204432380e-05
5.700000000000000000e+01 2.217275314881285729e-05
5.800000000000000000e+01 2.161703220604727717e-05
5.900000000000000000e+01 2.189750398497089715e-05
6.000000000000000000e+01 1.780073331059587964e-05
6.100000000000000000e+01 1.672326650823635998e-05
6.200000000000000000e+01 1.282851970406909966e-05
6.300000000000000000e+01 1.091176752155093786e-05
6.400000000000000000e+01 8.059977028040152762e-06
6.500000000000000000e+01 9.859646870309663800e-06
6.600000000000000000e+01 9.963278296928761472e-06
6.700000000000000000e+01 1.240617989003088665e-05
6.800000000000000000e+01 1.292586452471171080e-05
6.900000000000000000e+01 1.590024658814101981e-05
7.000000000000000000e+01 1.510528323120010717e-05
7.100000000000000000e+01 1.570317867431649406e-05
7.200000000000000000e+01 1.558452040326367292e-05
7.300000000000000000e+01 1.603419196062470225e-05
7.400000000000000000e+01 1.383749379765874464e-05
7.500000000000000000e+01 1.326909285612389388e-05
7.600000000000000000e+01 1.286477518394153676e-05
7.700000000000000000e+01 1.182678725127053091e-05
7.800000000000000000e+01 1.130985382336461699e-05
7.900000000000000000e+01 1.080933575768286103e-05
8.000000000000000000e+01 1.011031546745663789e-05
8.100000000000000000e+01 9.357907326930017941e-06
8.200000000000000000e+01 8.625371601813986209e-06
8.300000000000000000e+01 8.031494353555661497e-06
8.400000000000000000e+01 7.824789471959438087e-06
8.500000000000000000e+01 7.420233479153494777e-06
8.600000000000000000e+01 7.162804505902214589e-06
8.700000000000000000e+01 6.760957704401060818e-06
8.800000000000000000e+01 6.430952628056021516e-06
8.900000000000000000e+01 6.120802265820575000e-06
9.000000000000000000e+01 5.904770646522430673e-06
9.100000000000000000e+01 5.542472129813103235e-06
9.200000000000000000e+01 5.215476393970901032e-06
9.300000000000000000e+01 5.093052772278065443e-06
9.400000000000000000e+01 4.733817716535964961e-06
9.500000000000000000e+01 4.434477087311831006e-06
9.600000000000000000e+01 4.224437310964211251e-06
9.700000000000000000e+01 4.169305476353406713e-06
9.800000000000000000e+01 3.971871620579929581e-06
9.900000000000000000e+01 4.095609718844823999e-06
1.000000000000000000e+02 4.272174563860157399e-06
1.010000000000000000e+02 4.447558115757378945e-06
1.020000000000000000e+02 4.672817132091236740e-06
1.030000000000000000e+02 4.780904991285917919e-06
1.040000000000000000e+02 4.972212541512049289e-06
1.050000000000000000e+02 5.118918476938226974e-06
1.060000000000000000e+02 5.192456293972196044e-06
1.070000000000000000e+02 5.203779899074533055e-06
1.080000000000000000e+02 5.199638325673742027e-06
1.090000000000000000e+02 5.214507712922802404e-06
1.100000000000000000e+02 5.312274221521196658e-06
1.110000000000000000e+02 5.700805395353011883e-06
1.120000000000000000e+02 6.079518794707190533e-06
1.130000000000000000e+02 6.610288857238542871e-06
1.140000000000000000e+02 6.869660770443333074e-06
1.150000000000000000e+02 7.141202185913422655e-06
1.160000000000000000e+02 7.512595490143625683e-06
1.170000000000000000e+02 7.581354579097754844e-06
1.180000000000000000e+02 7.862595339213621751e-06
1.190000000000000000e+02 8.700653872109284127e-06
1.200000000000000000e+02 8.729057436132604030e-06
1.210000000000000000e+02 8.915497123290059935e-06
1.220000000000000000e+02 8.897717405326049120e-06
1.230000000000000000e+02 9.010064512005150328e-06
1.240000000000000000e+02 7.569948835878619178e-06
1.250000000000000000e+02 6.723878562651392965e-06
1.260000000000000000e+02 5.095325327891150045e-06
1.270000000000000000e+02 3.934165845729985745e-06
1.280000000000000000e+02 2.339070352577506005e-06
1.290000000000000000e+02 1.759038669538493781e-06
1.300000000000000000e+02 1.355381947390323396e-06
1.310000000000000000e+02 1.166538455160116355e-06
1.320000000000000000e+02 1.011093810523685253e-06
1.330000000000000000e+02 8.916272702423156857e-07
1.340000000000000000e+02 8.095864018681635138e-07
1.350000000000000000e+02 7.283395936910355528e-07
1.360000000000000000e+02 6.705687755718716525e-07
1.370000000000000000e+02 6.239033883110592738e-07
1.380000000000000000e+02 5.713926346884581183e-07
1.390000000000000000e+02 5.249567280819755306e-07
1.400000000000000000e+02 4.848837837891335301e-07
1.410000000000000000e+02 4.483560287841735375e-07
1.420000000000000000e+02 4.162527397741336601e-07
1.430000000000000000e+02 3.862003982262523653e-07
1.440000000000000000e+02 3.657180150632787819e-07
1.450000000000000000e+02 3.461600436001625159e-07
1.460000000000000000e+02 3.280804043934303332e-07
1.470000000000000000e+02 3.124206218953343299e-07
1.480000000000000000e+02 2.994097597260866264e-07
1.490000000000000000e+02 2.811426621027141895e-07
1.500000000000000000e+02 2.682659101483401845e-07
1.510000000000000000e+02 2.557359187369948456e-07
1.520000000000000000e+02 2.401758995793304312e-07
1.530000000000000000e+02 2.244178668059136884e-07
1.540000000000000000e+02 2.112417388919817390e-07
1.550000000000000000e+02 1.958893512521358911e-07
1.560000000000000000e+02 1.805403193070880824e-07
1.570000000000000000e+02 1.703609026908186986e-07
1.580000000000000000e+02 1.641348967505349308e-07
1.590000000000000000e+02 1.538725862363874647e-07
1.600000000000000000e+02 1.448246259247721929e-07
1.610000000000000000e+02 1.412566417351322984e-07
1.620000000000000000e+02 1.346391184395315605e-07
1.630000000000000000e+02 1.233178341156714012e-07
1.640000000000000000e+02 1.214648555427117568e-07
1.650000000000000000e+02 1.184214786596892032e-07
1.660000000000000000e+02 1.122000253836305758e-07
1.670000000000000000e+02 1.036994786158396267e-07
1.680000000000000000e+02 1.035588410479492249e-07
1.690000000000000000e+02 9.714746697893196418e-08
1.700000000000000000e+02 8.873161744981841206e-08
1.710000000000000000e+02 8.531563692562438067e-08
1.720000000000000000e+02 8.435938359020695354e-08
1.730000000000000000e+02 7.728988440966165033e-08
1.740000000000000000e+02 7.179505812190285157e-08
1.750000000000000000e+02 6.883612541991791892e-08
1.760000000000000000e+02 6.215256169369638246e-08
1.770000000000000000e+02 5.470694743485249532e-08
1.780000000000000000e+02 4.897353292082412368e-08
1.790000000000000000e+02 4.251976209441027557e-08
1.800000000000000000e+02 3.633167312466351232e-08
1.810000000000000000e+02 3.045072905371142672e-08
1.820000000000000000e+02 2.625310230800211687e-08
1.830000000000000000e+02 2.269385646473057726e-08
1.840000000000000000e+02 1.999682675731242603e-08
1.850000000000000000e+02 1.788448171485090250e-08
1.860000000000000000e+02 1.588870181134326185e-08
1.870000000000000000e+02 1.399103770729333728e-08
1.880000000000000000e+02 1.199300278243980543e-08
1.890000000000000000e+02 1.030938525345020946e-08
1.900000000000000000e+02 9.105014365926474215e-09
1.910000000000000000e+02 8.086062063352995811e-09
1.920000000000000000e+02 7.198805590759721429e-09
1.930000000000000000e+02 6.585826938889130156e-09
1.940000000000000000e+02 5.947037912243890951e-09
1.950000000000000000e+02 5.415917999979615614e-09
1.960000000000000000e+02 5.192018239457939904e-09
1.970000000000000000e+02 5.012135808118350812e-09
1.980000000000000000e+02 4.948560966365668345e-09
1.990000000000000000e+02 5.093082261497109322e-09
2.000000000000000000e+02 5.080894308250954085e-09
2.010000000000000000e+02 4.816556923583443289e-09
2.020000000000000000e+02 4.512651470193491459e-09
2.030000000000000000e+02 4.242505299980948185e-09
2.040000000000000000e+02 4.048800387130458961e-09
2.050000000000000000e+02 3.825158386412395795e-09
2.060000000000000000e+02 3.637369430572943309e-09
2.070000000000000000e+02 3.379864092566828472e-09
2.080000000000000000e+02 3.058417099842926443e-09
2.090000000000000000e+02 2.538698077038825404e-09
2.100000000000000000e+02 2.013130002415078760e-09
2.110000000000000000e+02 1.716554823821062610e-09
2.120000000000000000e+02 1.443026024557179513e-09
2.130000000000000000e+02 1.112150024828841792e-09
2.140000000000000000e+02 7.898957674111437903e-10
2.150000000000000000e+02 6.271871637015699068e-10
2.160000000000000000e+02 3.729735223804246642e-10
2.170000000000000000e+02 1.858673982662991247e-10
2.180000000000000000e+02 8.268836397419589396e-11
2.190000000000000000e+02 6.450771358741841855e-11
2.200000000000000000e+02 3.255341651969388886e-11
2.210000000000000000e+02 1.361470746210235070e-11
2.220000000000000000e+02 2.866411875319120841e-12
2.230000000000000000e+02 3.446789551488231699e-30
2.240000000000000000e+02 1.093235063628409010e-31
2.250000000000000000e+02 0.000000000000000000e+00
2.260000000000000000e+02 0.000000000000000000e+00
2.270000000000000000e+02 0.000000000000000000e+00
2.280000000000000000e+02 0.000000000000000000e+00
2.290000000000000000e+02 0.000000000000000000e+00
2.300000000000000000e+02 0.000000000000000000e+00
2.310000000000000000e+02 0.000000000000000000e+00
2.320000000000000000e+02 0.000000000000000000e+00
2.330000000000000000e+02 0.000000000000000000e+00
2.340000000000000000e+02 0.000000000000000000e+00
2.350000000000000000e+02 0.000000000000000000e+00
2.360000000000000000e+02 0.000000000000000000e+00
2.370000000000000000e+02 0.000000000000000000e+00
2.380000000000000000e+02 0.000000000000000000e+00
2.390000000000000000e+02 0.000000000000000000e+00
2.400000000000000000e+02 0.000000000000000000e+00
2.410000000000000000e+02 0.000000000000000000e+00
2.420000000000000000e+02 0.000000000000000000e+00
2.430000000000000000e+02 0.000000000000000000e+00
2.440000000000000000e+02 0.000000000000000000e+00
2.450000000000000000e+02 0.000000000000000000e+00
2.460000000000000000e+02 0.000000000000000000e+00
2.470000000000000000e+02 0.000000000000000000e+00
2.480000000000000000e+02 0.000000000000000000e+00
2.490000000000000000e+02 0.000000000000000000e+00
2.500000000000000000e+02 0.000000000000000000e+00
2.510000000000000000e+02 0.000000000000000000e+00
2.520000000000000000e+02 0.000000000000000000e+00
2.530000000000000000e+02 0.000000000000000000e+00
2.540000000000000000e+02 0.000000000000000000e+00
2.550000000000000000e+02 0.000000000000000000e+00
