0.000000000000000000e+00 9.824149106157007315e-36
1.000000000000000000e+00 1.524014730144034612e-26
2.000000000000000000e+00 2.085771596173593284e-02
3.000000000000000000e+00 1.089440222312344601e-02
4.000000000000000000e+00 5.446041599857497431e-03
5.000000000000000000e+00 7.803103576134819142e-03
6.000000000000000000e+00 8.109662877805288647e-03
7.000000000000000000e+00 8.011392568918378546e-03
8.000000000000000000e+00 5.394458105907084730e-03
9.000000000000000000e+00 1.909075668705353338e-03
1.000000000000000000e+01 2.448875091262431736e-03
1.100000000000000000e+01 2.864972409278678141e-03
1.200000000000000000e+01 1.929403199287847617e-03
1.300000000000000000e+01 1.443557459889565058e-03
1.400000000000000000e+01 1.020762130743505143e-03
1.500000000000000000e+01 9.104999065780922714e-04
1.600000000000000000e+01 7.616693099048699699e-04
1.700000000000000000e+01 6.235164360444044257e-04
1.800000000000000000e+01 5.521772038910076428e-04
1.900000000000000000e+01 6.905995549932871869e-04
2.000000000000000000e+01 5.708506463158396311e-04
2.100000000000000000e+01 3.481974226519442728e-04
2.200000000000000000e+01 3.491154627254926821e-04
2.300000000000000000e+01 4.033346436640297748e-04
2.400000000000000000e+01 3.303905704413006000e-04
2.500000000000000000e+01 3.325143794396729952e-04
2.600000000000000000e+01 2.803737407693657094e-04
2.700000000000000000e+01 2.235965990881804365e-04
2.800000000000000000e+01 1.927251209339345063e-04
2.900000000000000000e+01 1.578952595171994157e-04
3.000000000000000000e+01 1.690043475609310684e-04
3.100000000000000000e+01 1.438668602030440571e-04
3.200000000000000000e+01 1.445343295613749979e-04
3.300000000000000000e+01 1.349306448583200736e-04
3.400000000000000000e+01 1.250099992307256776e-04
3.500000000000000000e+01 1.183289782113383843e-04
3.600000000000000000e+01 8.888880115831745553e-05
3.700000000000000000e+01 9.390650069895577180e-05
3.800000000000000000e+01 8.378921714872058851e-05
3.900000000000000000e+01 8.511274608740993257e-05
4.000000000000000000e+01 6.693306683585902234e-05
4.100000000000000000e+01 5.279726156318703987e-05
4.200000000000000000e+01 4.853978207248210323e-05
4.300000000000000000e+01 5.120105881426609962e-05
4.400000000000000000e+01 4.834946117759702719e-05
4.500000000000000000e+01 3.861239137232124515e-05
4.600000000000000000e+01 3.470725815078867381e-05
4.700000000000000000e+01 3.269687596078055475e-05
4.800000000000000000e+01 3.403521989588339830e-05
4.900000000000000000e+01 3.229345712801511231e-05
5.000000000000000000e+01 3.424328996373994651e-05
5.100000000000000000e+01 3.008493897258928597e-05
5.200000000000000000e+01 2.999329851614994575e-05
5.300000000000000000e+01 2.898839763561030178e-05
5.400000000000000000e+01 2.802748060405660732e-05
5.500000000000000000e+01 3.120183303540994158e-05
5.600000000000000000e+01 2.525081740660378918e-05
5.700000000000000000e+01 2.456713665450973341e-05
5.800000000000000000e+01 2.555731649926823660e-05
5.900000000000000000e+01 2.256156933227762801e-05
6.000000000000000000e+01 2.160063399298895668e-05
6.100000000000000000e+01 2.046124275727451391e-05
6.200000000000000000e+01 1.763140698163047891e-05
6.300000000000000000e+01 1.800262135337862550e-05
6.400000000000000000e+01 2.001841969198694417e-05
6.500000000000000000e+01 1.858327921378137636e-05
6.600000000000000000e+01 1.861196296917137137e-05
6.700000000000000000e+01 1.731013110441868144e-05
6.800000000000000000e+01 1.721537907703414705e-05
6.900000000000000000e+01 1.659360687816033021e-05
7.000000000000000000e+01 1.727810624000130653e-05
7.100000000000000000e+01 2.044063292243520998e-05
7.200000000000000000e+01 1.609172295473544701e-05
7.300000000000000000e+01 1.546906882936223719e-05
7.400000000000000000e+01 1.696982023236156390e-05
7.500000000000000000e+01 1.388850965588666315e-05
7.600000000000000000e+01 1.563883506331386882e-05
7.700000000000000000e+01 1.447865962643737546e-05
7.800000000000000000e+01 1.481451598970277019e-05
7.900000000000000000e+01 1.391813096750706186e-05
8.000000000000000000e+01 1.497321724801988235e-05
8.100000000000000000e+01 1.301283962896839447e-05
8.200000000000000000e+01 1.464186255156606846e-05
8.300000000000000000e+01 1.306389241310294572e-05
8.400000000000000000e+01 1.482610499572775952e-05
8.500000000000000000e+01 1.248272376034386630e-05
8.600000000000000000e+01 1.364047518927581657e-05
8.700000000000000000e+01 1.728207606774135097e-05
8.800000000000000000e+01 1.234846824207715052e-05
8.900000000000000000e+01 1.370781051926633851e-05
9.000000000000000000e+01 1.275420325778989048e-05
9.100000000000000000e+01 1.312318184813757784e-05
9.200000000000000000e+01 1.330777050591886042e-05
9.300000000000000000e+01 1.270846190744413532e-05
9.400000000000000000e+01 1.214429730622786891e-05
9.500000000000000000e+01 1.221189882023718731e-05
9.600000000000000000e+01 9.759178457809594703e-06
9.700000000000000000e+01 6.665551291329664156e-06
9.800000000000000000e+01 5.130903416997072105e-06
9.900000000000000000e+01 4.605654822133386116e-06
1.000000000000000000e+02 3.502124858464182170e-06
1.010000000000000000e+02 2.662841352719744033e-06
1.020000000000000000e+02 2.367132347318102679e-06
1.030000000000000000e+02 1.952315214553915347e-06
1.040000000000000000e+02 1.839423254311257279e-06
1.050000000000000000e+02 1.523292477503437860e-06
1.060000000000000000e+02 1.381485896827595983e-06
1.070000000000000000e+02 1.165400752347124764e-06
1.080000000000000000e+02 1.176535534193400728e-06
1.090000000000000000e+02 1.086482066743695194e-06
1.100000000000000000e+02 9.854421098414062024e-07
1.110000000000000000e+02 9.507450774766058476e-07
1.120000000000000000e+02 8.795663117826389542e-07
1.130000000000000000e+02 7.897275465510251178e-07
1.140000000000000000e+02 6.293820305470317646e-07
1.150000000000000000e+02 6.715430222423070563e-07
1.160000000000000000e+02 5.853754841471559284e-07
1.170000000000000000e+02 4.913021422112096770e-07
1.180000000000000000e+02 5.200821981641943870e-07
1.190000000000000000e+02 4.892615913227943326e-07
1.200000000000000000e+02 4.214852997315759422e-07
1.210000000000000000e+02 4.352518831839173602e-07
1.220000000000000000e+02 4.403660560284676180e-07
1.230000000000000000e+02 3.403752999657209259e-07
1.240000000000000000e+02 2.371480446747787666e-07
1.250000000000000000e+02 2.915121265468164960e-07
1.260000000000000000e+02 2.918896909821820193e-07
1.270000000000000000e+02 1.933205307629757568e-07
1.280000000000000000e+02 1.821950741242957339e-07
1.290000000000000000e+02 1.783493767674995630e-07
1.300000000000000000e+02 1.461725067965296163e-07
1.310000000000000000e+02 1.095729815432814483e-07
1.320000000000000000e+02 1.332846740220851407e-07
1.330000000000000000e+02 9.826451437262527572e-08
1.340000000000000000e+02 5.777395805902348409e-08
1.350000000000000000e+02 3.986995043389079051e-08
1.360000000000000000e+02 2.932988200446427129e-08
1.370000000000000000e+02 2.535748711578870880e-08
1.380000000000000000e+02 1.733917958939581086e-08
1.390000000000000000e+02 1.413452091891402732e-08
1.400000000000000000e+02 1.455979988832790758e-08
1.410000000000000000e+02 1.185238988041621385e-08
1.420000000000000000e+02 1.178270973914746115e-08
1.430000000000000000e+02 1.017984045228765444e-08
1.440000000000000000e+02 7.216952291281397117e-09
1.450000000000000000e+02 6.292905863532709828e-09
1.460000000000000000e+02 4.716361448949602304e-09
1.470000000000000000e+02 4.319074621382571969e-09
1.480000000000000000e+02 4.248426760691729396e-09
1.490000000000000000e+02 4.404087979833794119e-09
1.500000000000000000e+02 3.733193563918279026e-09
1.510000000000000000e+02 3.125863844423521974e-09
1.520000000000000000e+02 2.505282188689091498e-09
1.530000000000000000e+02 1.866715465440885512e-09
1.540000000000000000e+02 1.414894412666644863e-09
1.550000000000000000e+02 8.003202105198439182e-10
1.560000000000000000e+02 6.837216285005559673e-10
1.570000000000000000e+02 8.522776795253846326e-10
1.580000000000000000e+02 9.009157103528879099e-10
1.590000000000000000e+02 6.331619248664187134e-10
1.600000000000000000e+02 2.977400104726530603e-10
1.610000000000000000e+02 2.152971624837026768e-10
1.620000000000000000e+02 1.363539990763762107e-10
1.630000000000000000e+02 4.750451754733122718e-11
1.640000000000000000e+02 2.773144284915701658e-12
1.650000000000000000e+02 7.877033268244329385e-13
1.660000000000000000e+02 8.603912443090165806e-31
1.670000000000000000e+02 0.000000000000000000e+00
1.680000000000000000e+02 0.000000000000000000e+00
1.690000000000000000e+02 0.000000000000000000e+00
1.700000000000000000e+02 0.000000000000000000e+00
1.710000000000000000e+02 0.000000000000000000e+00
1.720000000000000000e+02 0.000000000000000000e+00
1.730000000000000000e+02 0.000000000000000000e+00
1.740000000000000000e+02 0.000000000000000000e+00
1.750000000000000000e+02 0.000000000000000000e+00
1.760000000000000000e+02 0.000000000000000000e+00
1.770000000000000000e+02 0.000000000000000000e+00
1.780000000000000000e+02 0.000000000000000000e+00
1.790000000000000000e+02 0.000000000000000000e+00
1.800000000000000000e+02 0.000000000000000000e+00
1.810000000000000000e+02 0.000000000000000000e+00
1.820000000000000000e+02 0.000000000000000000e+00
1.830000000000000000e+02 0.000000000000000000e+00
1.840000000000000000e+02 0.000000000000000000e+00
1.850000000000000000e+02 0.000000000000000000e+00
1.860000000000000000e+02 0.000000000000000000e+00
1.870000000000000000e+02 0.000000000000000000e+00
1.880000000000000000e+02 0.000000000000000000e+00
1.890000000000000000e+02 0.000000000000000000e+00
1.900000000000000000e+02 0.000000000000000000e+00
1.910000000000000000e+02 0.000000000000000000e+00
