 10 97
                           ****************************
                           *        CHANNEL DATA      *
                           ****************************

Channel data at Re_delta=7890, Re_tau=395, Re_theta=700.
All quantites are normalized by u_tau and nu unless stated otherwise; delta denotes
the half-channel width.  Data compiled from an unpublished work of Kim (1989).

Mean and mean-square fluctuations:
     J   y/delta        y+         U+          uu+         vv+         ww+        uv+
     1  0.0000E+00  0.0000E+00  4.2121E-11  4.6633E-22  6.2646E-25  5.0450E-25 -2.6757E-25
     2  1.3386E-04  5.2865E-02  5.2634E-02  4.4002E-04  1.0046E-09  1.7395E-04 -1.4030E-07
     3  5.3541E-04  2.1145E-01  2.1048E-01  7.0191E-03  2.4493E-07  2.6752E-03 -9.0885E-06
     4  1.2045E-03  4.7570E-01  4.7335E-01  3.5385E-02  5.7991E-06  1.2702E-02 -1.0552E-04
     5  2.1411E-03  8.4556E-01  8.4089E-01  1.1127E-01  5.1945E-05  3.6768E-02 -6.0625E-04
     6  3.3448E-03  1.3209E+00  1.3123E+00  2.6984E-01  2.6982E-04  8.0401E-02 -2.3586E-03
     7  4.8153E-03  1.9017E+00  1.8856E+00  5.5343E-01  9.8460E-04  1.4628E-01 -7.1058E-03
     8  6.5522E-03  2.5876E+00  2.5566E+00  1.0046E+00  2.8007E-03  2.3340E-01 -1.7720E-02
     9  8.5551E-03  3.3786E+00  3.3169E+00  1.6514E+00  6.6184E-03  3.3747E-01 -3.7953E-02
    10  1.0823E-02  4.2745E+00  4.1522E+00  2.4887E+00  1.3558E-02  4.5240E-01 -7.1468E-02
    11  1.3357E-02  5.2749E+00  5.0414E+00  3.4647E+00  2.4817E-02  5.7205E-01 -1.2040E-01
    12  1.6154E-02  6.3796E+00  5.9581E+00  4.4874E+00  4.1505E-02  6.9170E-01 -1.8416E-01
    13  1.9215E-02  7.5884E+00  6.8732E+00  5.4503E+00  6.4511E-02  8.0852E-01 -2.5931E-01
    14  2.2538E-02  8.9008E+00  7.7596E+00  6.2635E+00  9.4403E-02  9.2120E-01 -3.4046E-01
    15  2.6123E-02  1.0317E+01  8.5955E+00  6.8735E+00  1.3137E-01  1.0291E+00 -4.2181E-01
    16  2.9969E-02  1.1835E+01  9.3663E+00  7.2665E+00  1.7518E-01  1.1316E+00 -4.9851E-01
    17  3.4074E-02  1.3457E+01  1.0065E+01  7.4582E+00  2.2519E-01  1.2275E+00 -5.6736E-01
    18  3.8438E-02  1.5180E+01  1.0689E+01  7.4806E+00  2.8042E-01  1.3152E+00 -6.2676E-01
    19  4.3060E-02  1.7005E+01  1.1244E+01  7.3711E+00  3.3959E-01  1.3936E+00 -6.7642E-01
    20  4.7937E-02  1.8932E+01  1.1733E+01  7.1658E+00  4.0130E-01  1.4618E+00 -7.1688E-01
    21  5.3070E-02  2.0959E+01  1.2165E+01  6.8963E+00  4.6414E-01  1.5195E+00 -7.4914E-01
    22  5.8456E-02  2.3086E+01  1.2547E+01  6.5889E+00  5.2672E-01  1.5669E+00 -7.7438E-01
    23  6.4094E-02  2.5312E+01  1.2885E+01  6.2630E+00  5.8781E-01  1.6053E+00 -7.9377E-01
    24  6.9983E-02  2.7638E+01  1.3187E+01  5.9314E+00  6.4635E-01  1.6358E+00 -8.0820E-01
    25  7.6120E-02  3.0062E+01  1.3456E+01  5.6022E+00  7.0149E-01  1.6593E+00 -8.1836E-01
    26  8.2506E-02  3.2583E+01  1.3699E+01  5.2835E+00  7.5251E-01  1.6770E+00 -8.2499E-01
    27  8.9136E-02  3.5202E+01  1.3921E+01  4.9832E+00  7.9892E-01  1.6906E+00 -8.2878E-01
    28  9.6011E-02  3.7917E+01  1.4123E+01  4.7056E+00  8.4051E-01  1.7016E+00 -8.3026E-01
    29  1.0313E-01  4.0727E+01  1.4311E+01  4.4531E+00  8.7716E-01  1.7101E+00 -8.3000E-01
    30  1.1048E-01  4.3633E+01  1.4485E+01  4.2265E+00  9.0881E-01  1.7148E+00 -8.2838E-01
    31  1.1808E-01  4.6632E+01  1.4649E+01  4.0243E+00  9.3561E-01  1.7153E+00 -8.2550E-01
    32  1.2591E-01  4.9725E+01  1.4803E+01  3.8433E+00  9.5785E-01  1.7117E+00 -8.2139E-01
    33  1.3397E-01  5.2910E+01  1.4948E+01  3.6810E+00  9.7587E-01  1.7053E+00 -8.1605E-01
    34  1.4227E-01  5.6186E+01  1.5088E+01  3.5354E+00  9.8994E-01  1.6967E+00 -8.0947E-01
    35  1.5080E-01  5.9554E+01  1.5221E+01  3.4029E+00  1.0003E+00  1.6857E+00 -8.0169E-01
    36  1.5955E-01  6.3011E+01  1.5352E+01  3.2794E+00  1.0072E+00  1.6731E+00 -7.9291E-01
    37  1.6853E-01  6.6557E+01  1.5479E+01  3.1634E+00  1.0109E+00  1.6596E+00 -7.8334E-01
    38  1.7773E-01  7.0191E+01  1.5604E+01  3.0559E+00  1.0115E+00  1.6447E+00 -7.7337E-01
    39  1.8715E-01  7.3911E+01  1.5727E+01  2.9580E+00  1.0095E+00  1.6272E+00 -7.6360E-01
    40  1.9679E-01  7.7718E+01  1.5848E+01  2.8706E+00  1.0055E+00  1.6064E+00 -7.5417E-01
    41  2.0665E-01  8.1610E+01  1.5966E+01  2.7927E+00  9.9974E-01  1.5821E+00 -7.4487E-01
    42  2.1671E-01  8.5585E+01  1.6082E+01  2.7223E+00  9.9280E-01  1.5549E+00 -7.3556E-01
    43  2.2699E-01  8.9644E+01  1.6195E+01  2.6570E+00  9.8513E-01  1.5259E+00 -7.2615E-01
    44  2.3747E-01  9.3784E+01  1.6306E+01  2.5955E+00  9.7707E-01  1.4961E+00 -7.1668E-01
    45  2.4816E-01  9.8004E+01  1.6416E+01  2.5374E+00  9.6857E-01  1.4678E+00 -7.0718E-01
    46  2.5905E-01  1.0230E+02  1.6524E+01  2.4821E+00  9.5939E-01  1.4410E+00 -6.9747E-01
    47  2.7014E-01  1.0668E+02  1.6632E+01  2.4306E+00  9.4929E-01  1.4141E+00 -6.8801E-01
    48  2.8142E-01  1.1114E+02  1.6739E+01  2.3824E+00  9.3811E-01  1.3880E+00 -6.7897E-01
    49  2.9289E-01  1.1567E+02  1.6844E+01  2.3372E+00  9.2581E-01  1.3647E+00 -6.7034E-01
    50  3.0456E-01  1.2028E+02  1.6948E+01  2.2937E+00  9.1270E-01  1.3437E+00 -6.6182E-01
    51  3.1641E-01  1.2496E+02  1.7049E+01  2.2514E+00  8.9920E-01  1.3225E+00 -6.5287E-01
    52  3.2844E-01  1.2971E+02  1.7148E+01  2.2105E+00  8.8560E-01  1.2990E+00 -6.4291E-01
    53  3.4065E-01  1.3453E+02  1.7245E+01  2.1709E+00  8.7201E-01  1.2721E+00 -6.3169E-01
    54  3.5304E-01  1.3943E+02  1.7342E+01  2.1324E+00  8.5844E-01  1.2423E+00 -6.1955E-01
    55  3.6561E-01  1.4439E+02  1.7437E+01  2.0957E+00  8.4469E-01  1.2116E+00 -6.0693E-01
    56  3.7834E-01  1.4942E+02  1.7531E+01  2.0627E+00  8.3036E-01  1.1818E+00 -5.9445E-01
    57  3.9124E-01  1.5451E+02  1.7622E+01  2.0320E+00  8.1526E-01  1.1530E+00 -5.8233E-01
    58  4.0430E-01  1.5967E+02  1.7711E+01  2.0006E+00  7.9963E-01  1.1252E+00 -5.7013E-01
    59  4.1752E-01  1.6489E+02  1.7799E+01  1.9667E+00  7.8397E-01  1.0985E+00 -5.5748E-01
    60  4.3090E-01  1.7017E+02  1.7885E+01  1.9297E+00  7.6889E-01  1.0721E+00 -5.4439E-01
    61  4.4443E-01  1.7552E+02  1.7971E+01  1.8906E+00  7.5466E-01  1.0458E+00 -5.3110E-01
    62  4.5811E-01  1.8092E+02  1.8056E+01  1.8508E+00  7.4111E-01  1.0196E+00 -5.1780E-01
    63  4.7193E-01  1.8638E+02  1.8141E+01  1.8105E+00  7.2797E-01  9.9364E-01 -5.0444E-01
    64  4.8590E-01  1.9189E+02  1.8226E+01  1.7703E+00  7.1500E-01  9.6790E-01 -4.9094E-01
    65  5.0000E-01  1.9746E+02  1.8311E+01  1.7301E+00  7.0205E-01  9.4153E-01 -4.7715E-01
    66  5.1424E-01  2.0308E+02  1.8395E+01  1.6904E+00  6.8889E-01  9.1484E-01 -4.6320E-01
    67  5.2860E-01  2.0876E+02  1.8478E+01  1.6518E+00  6.7529E-01  8.8832E-01 -4.4940E-01
    68  5.4310E-01  2.1448E+02  1.8558E+01  1.6133E+00  6.6139E-01  8.6235E-01 -4.3572E-01
    69  5.5771E-01  2.2025E+02  1.8638E+01  1.5743E+00  6.4732E-01  8.3802E-01 -4.2188E-01
    70  5.7244E-01  2.2607E+02  1.8715E+01  1.5347E+00  6.3312E-01  8.1535E-01 -4.0787E-01
    71  5.8729E-01  2.3194E+02  1.8790E+01  1.4943E+00  6.1897E-01  7.9270E-01 -3.9389E-01
    72  6.0225E-01  2.3784E+02  1.8863E+01  1.4538E+00  6.0510E-01  7.6834E-01 -3.7996E-01
    73  6.1732E-01  2.4379E+02  1.8934E+01  1.4149E+00  5.9141E-01  7.4287E-01 -3.6613E-01
    74  6.3248E-01  2.4978E+02  1.9003E+01  1.3778E+00  5.7767E-01  7.1828E-01 -3.5229E-01
    75  6.4775E-01  2.5581E+02  1.9071E+01  1.3419E+00  5.6385E-01  6.9491E-01 -3.3832E-01
    76  6.6311E-01  2.6188E+02  1.9137E+01  1.3058E+00  5.5025E-01  6.7262E-01 -3.2400E-01
    77  6.7856E-01  2.6798E+02  1.9200E+01  1.2692E+00  5.3709E-01  6.5269E-01 -3.0958E-01
    78  6.9410E-01  2.7412E+02  1.9262E+01  1.2319E+00  5.2449E-01  6.3500E-01 -2.9515E-01
    79  7.0972E-01  2.8028E+02  1.9321E+01  1.1942E+00  5.1259E-01  6.1848E-01 -2.8053E-01
    80  7.2541E-01  2.8648E+02  1.9378E+01  1.1561E+00  5.0162E-01  6.0224E-01 -2.6576E-01
    81  7.4118E-01  2.9271E+02  1.9433E+01  1.1168E+00  4.9198E-01  5.8573E-01 -2.5070E-01
    82  7.5702E-01  2.9897E+02  1.9486E+01  1.0764E+00  4.8392E-01  5.6909E-01 -2.3530E-01
    83  7.7292E-01  3.0525E+02  1.9538E+01  1.0369E+00  4.7736E-01  5.5346E-01 -2.1973E-01
    84  7.8889E-01  3.1155E+02  1.9587E+01  9.9789E-01  4.7202E-01  5.4031E-01 -2.0408E-01
    85  8.0491E-01  3.1788E+02  1.9635E+01  9.5807E-01  4.6758E-01  5.2975E-01 -1.8828E-01
    86  8.2098E-01  3.2423E+02  1.9681E+01  9.1703E-01  4.6380E-01  5.2091E-01 -1.7243E-01
    87  8.3710E-01  3.3059E+02  1.9725E+01  8.7592E-01  4.6053E-01  5.1309E-01 -1.5658E-01
    88  8.5327E-01  3.3698E+02  1.9766E+01  8.3609E-01  4.5766E-01  5.0561E-01 -1.4081E-01
    89  8.6947E-01  3.4338E+02  1.9804E+01  7.9861E-01  4.5531E-01  4.9829E-01 -1.2504E-01
    90  8.8571E-01  3.4979E+02  1.9838E+01  7.6468E-01  4.5361E-01  4.9175E-01 -1.0927E-01
    91  9.0198E-01  3.5621E+02  1.9869E+01  7.3476E-01  4.5260E-01  4.8611E-01 -9.3590E-02
    92  9.1828E-01  3.6265E+02  1.9896E+01  7.0978E-01  4.5211E-01  4.8099E-01 -7.7950E-02
    93  9.3460E-01  3.6909E+02  1.9918E+01  6.9058E-01  4.5190E-01  4.7642E-01 -6.2255E-02
    94  9.5093E-01  3.7555E+02  1.9935E+01  6.7655E-01  4.5183E-01  4.7243E-01 -4.6498E-02
    95  9.6728E-01  3.8200E+02  1.9948E+01  6.6719E-01  4.5185E-01  4.6930E-01 -3.0831E-02
    96  9.8364E-01  3.8846E+02  1.9956E+01  6.6193E-01  4.5190E-01  4.6720E-01 -1.5344E-02
    97  1.0000E+00  3.9492E+02  1.9959E+01  6.6017E-01  4.5193E-01  4.6636E-01  0.0000E+00

  2 97
Triple products:
     J    y/delta       y+         vuu+        vvv+        vww+        vuv+
     1  0.0000E+00  0.0000E+00  2.2541E-35  0.0000E+00  8.3361E-42 -2.6387E-35
     2  1.3386E-04  5.2865E-02 -6.6778E-09  9.5139E-15  4.1597E-10  1.9578E-11
     3  5.3541E-04  2.1145E-01 -1.7159E-06  3.4843E-11  1.1076E-07  1.9123E-08
     4  1.2045E-03  4.7570E-01 -4.4226E-05  3.7862E-09  2.9481E-06  1.0209E-06
     5  2.1411E-03  8.4556E-01 -4.4287E-04  9.3846E-08  2.9676E-05  1.6265E-05
     6  3.3448E-03  1.3209E+00 -2.6071E-03  1.0025E-06  1.7029E-04  1.3114E-04
     7  4.8153E-03  1.9017E+00 -1.0708E-02  6.0784E-06  6.6879E-04  6.7323E-04
     8  6.5522E-03  2.5876E+00 -3.3246E-02  2.3839E-05  1.9891E-03  2.4756E-03
     9  8.5551E-03  3.3786E+00 -8.1419E-02  6.3002E-05  4.7787E-03  6.9855E-03
    10  1.0823E-02  4.2745E+00 -1.6166E-01  1.0285E-04  9.7028E-03  1.5839E-02
    11  1.3357E-02  5.2749E+00 -2.6549E-01  3.3427E-05  1.7227E-02  2.9834E-02
    12  1.6154E-02  6.3796E+00 -3.6582E-01 -3.9918E-04  2.7445E-02  4.7852E-02
    13  1.9215E-02  7.5884E+00 -4.2606E-01 -1.6003E-03  3.9997E-02  6.6546E-02
    14  2.2538E-02  8.9008E+00 -4.1642E-01 -4.0528E-03  5.4065E-02  8.1156E-02
    15  2.6123E-02  1.0317E+01 -3.2621E-01 -8.1593E-03  6.8425E-02  8.7043E-02
    16  2.9969E-02  1.1835E+01 -1.6579E-01 -1.4057E-02  8.1712E-02  8.1130E-02
    17  3.4074E-02  1.3457E+01  4.0521E-02 -2.1448E-02  9.2857E-02  6.2595E-02
    18  3.8438E-02  1.5180E+01  2.6464E-01 -2.9530E-02  1.0141E-01  3.2636E-02
    19  4.3060E-02  1.7005E+01  4.8262E-01 -3.7049E-02  1.0740E-01 -6.2170E-03
    20  4.7937E-02  1.8932E+01  6.7755E-01 -4.2506E-02  1.1113E-01 -5.0841E-02
    21  5.3070E-02  2.0959E+01  8.4000E-01 -4.4420E-02  1.1316E-01 -9.8168E-02
    22  5.8456E-02  2.3086E+01  9.6591E-01 -4.1581E-02  1.1429E-01 -1.4553E-01
    23  6.4094E-02  2.5312E+01  1.0545E+00 -3.3363E-02  1.1517E-01 -1.9068E-01
    24  6.9983E-02  2.7638E+01  1.1076E+00 -1.9882E-02  1.1624E-01 -2.3161E-01
    25  7.6120E-02  3.0062E+01  1.1300E+00 -1.7980E-03  1.1812E-01 -2.6707E-01
    26  8.2506E-02  3.2583E+01  1.1287E+00  1.9893E-02  1.2103E-01 -2.9659E-01
    27  8.9136E-02  3.5202E+01  1.1097E+00  4.4026E-02  1.2428E-01 -3.2067E-01
    28  9.6011E-02  3.7917E+01  1.0780E+00  6.9667E-02  1.2737E-01 -3.4002E-01
    29  1.0313E-01  4.0727E+01  1.0382E+00  9.6131E-02  1.3080E-01 -3.5527E-01
    30  1.1048E-01  4.3633E+01  9.9369E-01  1.2290E-01  1.3463E-01 -3.6595E-01
    31  1.1808E-01  4.6632E+01  9.4611E-01  1.4919E-01  1.3808E-01 -3.7238E-01
    32  1.2591E-01  4.9725E+01  8.9643E-01  1.7399E-01  1.4107E-01 -3.7557E-01
    33  1.3397E-01  5.2910E+01  8.4646E-01  1.9620E-01  1.4417E-01 -3.7588E-01
    34  1.4227E-01  5.6186E+01  7.9806E-01  2.1500E-01  1.4709E-01 -3.7367E-01
    35  1.5080E-01  5.9554E+01  7.5091E-01  2.3059E-01  1.4902E-01 -3.6992E-01
    36  1.5955E-01  6.3011E+01  7.0403E-01  2.4405E-01  1.4983E-01 -3.6512E-01
    37  1.6853E-01  6.6557E+01  6.5850E-01  2.5600E-01  1.4996E-01 -3.5887E-01
    38  1.7773E-01  7.0191E+01  6.1626E-01  2.6626E-01  1.4957E-01 -3.5173E-01
    39  1.8715E-01  7.3911E+01  5.7926E-01  2.7467E-01  1.4853E-01 -3.4510E-01
    40  1.9679E-01  7.7718E+01  5.4674E-01  2.8075E-01  1.4750E-01 -3.3906E-01
    41  2.0665E-01  8.1610E+01  5.1797E-01  2.8407E-01  1.4745E-01 -3.3293E-01
    42  2.1671E-01  8.5585E+01  4.9174E-01  2.8508E-01  1.4879E-01 -3.2613E-01
    43  2.2699E-01  8.9644E+01  4.6660E-01  2.8487E-01  1.5079E-01 -3.1857E-01
    44  2.3747E-01  9.3784E+01  4.4254E-01  2.8450E-01  1.5219E-01 -3.1078E-01
    45  2.4816E-01  9.8004E+01  4.2013E-01  2.8429E-01  1.5362E-01 -3.0287E-01
    46  2.5905E-01  1.0230E+02  4.0080E-01  2.8420E-01  1.5475E-01 -2.9537E-01
    47  2.7014E-01  1.0668E+02  3.8780E-01  2.8420E-01  1.5552E-01 -2.8918E-01
    48  2.8142E-01  1.1114E+02  3.8078E-01  2.8447E-01  1.5613E-01 -2.8414E-01
    49  2.9289E-01  1.1567E+02  3.7755E-01  2.8468E-01  1.5713E-01 -2.8008E-01
    50  3.0456E-01  1.2028E+02  3.7390E-01  2.8444E-01  1.5894E-01 -2.7624E-01
    51  3.1641E-01  1.2496E+02  3.6774E-01  2.8341E-01  1.6056E-01 -2.7248E-01
    52  3.2844E-01  1.2971E+02  3.5837E-01  2.8170E-01  1.6135E-01 -2.6853E-01
    53  3.4065E-01  1.3453E+02  3.4692E-01  2.7949E-01  1.6048E-01 -2.6437E-01
    54  3.5304E-01  1.3943E+02  3.3563E-01  2.7722E-01  1.5796E-01 -2.6160E-01
    55  3.6561E-01  1.4439E+02  3.2648E-01  2.7473E-01  1.5483E-01 -2.6058E-01
    56  3.7834E-01  1.4942E+02  3.2098E-01  2.7129E-01  1.5146E-01 -2.6072E-01
    57  3.9124E-01  1.5451E+02  3.1791E-01  2.6664E-01  1.4804E-01 -2.6132E-01
    58  4.0430E-01  1.5967E+02  3.1535E-01  2.6122E-01  1.4472E-01 -2.6175E-01
    59  4.1752E-01  1.6489E+02  3.1274E-01  2.5531E-01  1.4170E-01 -2.6175E-01
    60  4.3090E-01  1.7017E+02  3.1007E-01  2.4937E-01  1.3886E-01 -2.6138E-01
    61  4.4443E-01  1.7552E+02  3.0784E-01  2.4375E-01  1.3576E-01 -2.6096E-01
    62  4.5811E-01  1.8092E+02  3.0652E-01  2.3857E-01  1.3255E-01 -2.6046E-01
    63  4.7193E-01  1.8638E+02  3.0578E-01  2.3393E-01  1.2972E-01 -2.5976E-01
    64  4.8590E-01  1.9189E+02  3.0604E-01  2.2990E-01  1.2748E-01 -2.5894E-01
    65  5.0000E-01  1.9746E+02  3.0640E-01  2.2671E-01  1.2543E-01 -2.5814E-01
    66  5.1424E-01  2.0308E+02  3.0720E-01  2.2391E-01  1.2447E-01 -2.5767E-01
    67  5.2860E-01  2.0876E+02  3.0861E-01  2.2096E-01  1.2522E-01 -2.5756E-01
    68  5.4310E-01  2.1448E+02  3.0953E-01  2.1803E-01  1.2650E-01 -2.5748E-01
    69  5.5771E-01  2.2025E+02  3.0929E-01  2.1532E-01  1.2705E-01 -2.5714E-01
    70  5.7244E-01  2.2607E+02  3.0768E-01  2.1274E-01  1.2638E-01 -2.5662E-01
    71  5.8729E-01  2.3194E+02  3.0473E-01  2.1024E-01  1.2406E-01 -2.5591E-01
    72  6.0225E-01  2.3784E+02  3.0106E-01  2.0787E-01  1.2056E-01 -2.5440E-01
    73  6.1732E-01  2.4379E+02  2.9790E-01  2.0542E-01  1.1662E-01 -2.5186E-01
    74  6.3248E-01  2.4978E+02  2.9423E-01  2.0230E-01  1.1321E-01 -2.4786E-01
    75  6.4775E-01  2.5581E+02  2.8916E-01  1.9817E-01  1.0983E-01 -2.4208E-01
    76  6.6311E-01  2.6188E+02  2.8240E-01  1.9318E-01  1.0578E-01 -2.3492E-01
    77  6.7856E-01  2.6798E+02  2.7504E-01  1.8735E-01  1.0196E-01 -2.2706E-01
    78  6.9410E-01  2.7412E+02  2.6735E-01  1.8037E-01  9.8501E-02 -2.1831E-01
    79  7.0972E-01  2.8028E+02  2.5933E-01  1.7197E-01  9.4637E-02 -2.0874E-01
    80  7.2541E-01  2.8648E+02  2.5050E-01  1.6192E-01  9.0319E-02 -1.9898E-01
    81  7.4118E-01  2.9271E+02  2.3995E-01  1.5040E-01  8.5731E-02 -1.8963E-01
    82  7.5702E-01  2.9897E+02  2.2862E-01  1.3806E-01  8.0604E-02 -1.8104E-01
    83  7.7292E-01  3.0525E+02  2.1739E-01  1.2548E-01  7.5184E-02 -1.7350E-01
    84  7.8889E-01  3.1155E+02  2.0539E-01  1.1293E-01  7.0082E-02 -1.6652E-01
    85  8.0491E-01  3.1788E+02  1.9233E-01  1.0058E-01  6.4952E-02 -1.5959E-01
    86  8.2098E-01  3.2423E+02  1.7843E-01  8.8777E-02  5.9616E-02 -1.5280E-01
    87  8.3710E-01  3.3059E+02  1.6386E-01  7.7814E-02  5.4430E-02 -1.4633E-01
    88  8.5327E-01  3.3698E+02  1.4886E-01  6.7788E-02  4.9183E-02 -1.4036E-01
    89  8.6947E-01  3.4338E+02  1.3337E-01  5.8892E-02  4.3501E-02 -1.3505E-01
    90  8.8571E-01  3.4979E+02  1.1775E-01  5.0951E-02  3.7483E-02 -1.3045E-01
    91  9.0198E-01  3.5621E+02  1.0205E-01  4.3488E-02  3.1339E-02 -1.2636E-01
    92  9.1828E-01  3.6265E+02  8.6225E-02  3.6073E-02  2.5630E-02 -1.2243E-01
    93  9.3460E-01  3.6909E+02  7.0115E-02  2.8612E-02  2.0509E-02 -1.1884E-01
    94  9.5093E-01  3.7555E+02  5.3466E-02  2.1195E-02  1.5481E-02 -1.1633E-01
    95  9.6728E-01  3.8200E+02  3.6196E-02  1.3923E-02  1.0154E-02 -1.1515E-01
    96  9.8364E-01  3.8846E+02  1.8173E-02  6.8791E-03  4.8913E-03 -1.1479E-01
    97  1.0000E+00  3.9492E+02  0.0000E+00  0.0000E+00  0.0000E+00 -1.1469E-01

  2 97
Balance for uu:
     J       y+         Diss        Prod     vel_p_grad  Turb_diff   Visc_diff      Sum 
     1   0.0000E+00 -3.1563E-01  5.3294E-25  0.0000E+00 -2.3066E-24  3.1563E-01  2.1316E-13
     2   5.2865E-02 -3.1460E-01  2.7939E-07  3.1603E-04  5.0543E-07  3.1427E-01 -1.3560E-05
     3   2.1145E-01 -3.1303E-01  1.8091E-05  1.1175E-03  3.2504E-05  3.1188E-01  1.1009E-05
     4   4.7570E-01 -3.1147E-01  2.0988E-04  1.9993E-03  3.7271E-04  3.0890E-01  6.9916E-06
     5   8.4556E-01 -3.1036E-01  1.2041E-03  2.3991E-03  2.0933E-03  3.0467E-01  3.3535E-06
     6   1.3209E+00 -3.0923E-01  4.6707E-03  1.7470E-03  7.7727E-03  2.9506E-01  1.7022E-05
     7   1.9017E+00 -3.0591E-01  1.3983E-02 -3.8494E-04  2.1365E-02  2.7098E-01  3.5683E-05
     8   2.5876E+00 -2.9724E-01  3.4435E-02 -4.1816E-03  4.5416E-02  2.2164E-01  6.2125E-05
     9   3.3786E+00 -2.8137E-01  7.2069E-02 -9.5571E-03  7.5966E-02  1.4297E-01  7.0356E-05
    10   4.2745E+00 -2.6015E-01  1.3061E-01 -1.6195E-02  1.0028E-01  4.5515E-02  5.2186E-05
    11   5.2749E+00 -2.3886E-01  2.0765E-01 -2.3628E-02  1.0250E-01 -4.7644E-02  1.6865E-05
    12   6.3796E+00 -2.2273E-01  2.9316E-01 -3.1334E-02  7.4664E-02 -1.1371E-01  4.8377E-05
    13   7.5884E+00 -2.1345E-01  3.7229E-01 -3.8819E-02  2.2941E-02 -1.4290E-01  6.2374E-05
    14   8.9008E+00 -2.0896E-01  4.3137E-01 -4.5664E-02 -3.6664E-02 -1.4017E-01 -8.7570E-05
    15   1.0317E+01 -2.0574E-01  4.6288E-01 -5.1610E-02 -8.7597E-02 -1.1829E-01 -3.5288E-04
    16   1.1835E+01 -2.0109E-01  4.6684E-01 -5.6596E-02 -1.1978E-01 -8.9796E-02 -4.1575E-04
    17   1.3457E+01 -1.9392E-01  4.4865E-01 -6.0670E-02 -1.3138E-01 -6.2878E-02 -1.9558E-04
    18   1.5180E+01 -1.8438E-01  4.1583E-01 -6.3902E-02 -1.2652E-01 -4.0949E-02  8.5550E-05
    19   1.7005E+01 -1.7310E-01  3.7555E-01 -6.6343E-02 -1.1122E-01 -2.4628E-02  2.6566E-04
    20   1.8932E+01 -1.6083E-01  3.3327E-01 -6.8034E-02 -9.0914E-02 -1.3138E-02  3.6100E-04
    21   2.0959E+01 -1.4820E-01  2.9257E-01 -6.8962E-02 -6.9590E-02 -5.4192E-03  4.0438E-04
    22   2.3086E+01 -1.3559E-01  2.5536E-01 -6.9219E-02 -4.9226E-02 -6.5642E-04  6.7096E-04
    23   2.5312E+01 -1.2313E-01  2.2237E-01 -6.8977E-02 -3.0877E-02  1.7295E-03  1.1134E-03
    24   2.7638E+01 -1.1117E-01  1.9370E-01 -6.8327E-02 -1.5450E-02  2.8579E-03  1.6044E-03
    25   3.0062E+01 -1.0017E-01  1.6924E-01 -6.7274E-02 -3.8198E-03  3.8125E-03  1.7868E-03
    26   3.2583E+01 -9.0076E-02  1.4860E-01 -6.5886E-02  4.2934E-03  4.6049E-03  1.5330E-03
    27   3.5202E+01 -8.0761E-02  1.3131E-01 -6.4229E-02  9.8222E-03  4.7051E-03  8.4748E-04
    28   3.7917E+01 -7.2427E-02  1.1698E-01 -6.2217E-02  1.3200E-02  4.4823E-03  1.3041E-05
    29   4.0727E+01 -6.4990E-02  1.0497E-01 -5.9847E-02  1.4868E-02  4.1760E-03 -8.2040E-04
    30   4.3633E+01 -5.8292E-02  9.4715E-02 -5.7192E-02  1.5685E-02  3.6049E-03 -1.4791E-03
    31   4.6632E+01 -5.2283E-02  8.5902E-02 -5.4347E-02  1.6001E-02  2.9038E-03 -1.8230E-03
    32   4.9725E+01 -4.7004E-02  7.8312E-02 -5.1498E-02  1.6023E-02  2.4015E-03 -1.7656E-03
    33   5.2910E+01 -4.2450E-02  7.1830E-02 -4.8659E-02  1.5258E-02  2.0353E-03 -1.9865E-03
    34   5.6186E+01 -3.8480E-02  6.6410E-02 -4.5905E-02  1.4313E-02  1.5338E-03 -2.1283E-03
    35   5.9554E+01 -3.5010E-02  6.1985E-02 -4.3250E-02  1.3778E-02  1.0434E-03 -1.4531E-03
    36   6.3011E+01 -3.2014E-02  5.8317E-02 -4.0725E-02  1.3276E-02  8.3678E-04 -3.0933E-04
    37   6.6557E+01 -2.9396E-02  5.5064E-02 -3.8376E-02  1.2346E-02  8.6542E-04  5.0320E-04
    38   7.0191E+01 -2.7057E-02  5.2106E-02 -3.6177E-02  1.0794E-02  9.0471E-04  5.7106E-04
    39   7.3911E+01 -2.4985E-02  4.9398E-02 -3.4162E-02  9.1851E-03  8.8867E-04  3.2500E-04
    40   7.7718E+01 -2.3104E-02  4.6865E-02 -3.2319E-02  7.9306E-03  7.8181E-04  1.5443E-04
    41   8.1610E+01 -2.1371E-02  4.4371E-02 -3.0576E-02  6.9276E-03  5.8726E-04 -6.1754E-05
    42   8.5585E+01 -1.9803E-02  4.1944E-02 -2.8884E-02  6.3380E-03  3.8784E-04 -1.6860E-05
    43   8.9644E+01 -1.8475E-02  3.9716E-02 -2.7326E-02  6.0506E-03  3.0121E-04  2.6626E-04
    44   9.3784E+01 -1.7253E-02  3.7760E-02 -2.5940E-02  5.5471E-03  2.6144E-04  3.7617E-04
    45   9.8004E+01 -1.6165E-02  3.6122E-02 -2.4644E-02  5.0574E-03  2.0531E-04  5.7558E-04
    46   1.0230E+02 -1.5196E-02  3.4744E-02 -2.3342E-02  3.7637E-03  2.5858E-04  2.2785E-04
    47   1.0668E+02 -1.4294E-02  3.3413E-02 -2.2110E-02  2.2355E-03  2.1297E-04 -5.4257E-04
    48   1.1114E+02 -1.3493E-02  3.2139E-02 -2.1016E-02  9.9400E-04  1.9360E-04 -1.1830E-03
    49   1.1567E+02 -1.2729E-02  3.0715E-02 -2.0147E-02  6.2793E-04  1.1211E-04 -1.4217E-03
    50   1.2028E+02 -1.2031E-02  2.9193E-02 -1.9432E-02  1.0082E-03  8.5787E-05 -1.1763E-03
    51   1.2496E+02 -1.1384E-02  2.7704E-02 -1.8738E-02  1.6608E-03  8.6491E-05 -6.7115E-04
    52   1.2971E+02 -1.0761E-02  2.6356E-02 -1.7963E-02  2.2365E-03  9.3708E-05 -3.8871E-05
    53   1.3453E+02 -1.0165E-02  2.5189E-02 -1.7103E-02  2.4276E-03  6.0165E-05  4.0820E-04
    54   1.3943E+02 -9.6495E-03  2.4142E-02 -1.6162E-02  2.1275E-03  8.6569E-05  5.4427E-04
    55   1.4439E+02 -9.1457E-03  2.2986E-02 -1.5194E-02  1.5019E-03  1.8559E-04  3.3338E-04
    56   1.4942E+02 -8.6287E-03  2.1695E-02 -1.4291E-02  7.4510E-04  1.1476E-04 -3.6511E-04
    57   1.5451E+02 -8.1554E-03  2.0476E-02 -1.3483E-02  5.3425E-04 -2.4332E-05 -6.5316E-04
    58   1.5967E+02 -7.7243E-03  1.9460E-02 -1.2747E-02  4.8085E-04 -7.9497E-05 -6.1026E-04
    59   1.6489E+02 -7.2909E-03  1.8499E-02 -1.2090E-02  5.1105E-04 -9.6950E-05 -4.6783E-04
    60   1.7017E+02 -6.9425E-03  1.7566E-02 -1.1498E-02  4.9052E-04 -7.0513E-05 -4.5390E-04
    61   1.7552E+02 -6.6664E-03  1.6794E-02 -1.0998E-02  3.2368E-04  2.8629E-06 -5.4318E-04
    62   1.8092E+02 -6.4025E-03  1.6212E-02 -1.0543E-02  1.9722E-04 -7.1467E-06 -5.4357E-04
    63   1.8638E+02 -6.1486E-03  1.5688E-02 -1.0091E-02  3.9049E-05  1.9808E-05 -4.9330E-04
    64   1.9189E+02 -5.8770E-03  1.5110E-02 -9.5934E-03 -8.1277E-05  1.2963E-05 -4.2890E-04
    65   1.9746E+02 -5.6213E-03  1.4438E-02 -9.0595E-03 -7.1464E-05  2.1369E-05 -2.9293E-04
    66   2.0308E+02 -5.3783E-03  1.3671E-02 -8.5417E-03 -2.1495E-04  5.8379E-05 -4.0584E-04
    67   2.0876E+02 -5.1138E-03  1.2880E-02 -8.0668E-03 -2.4113E-04  7.2431E-06 -5.3488E-04
    68   2.1448E+02 -4.8708E-03  1.2135E-02 -7.6148E-03 -6.3715E-05 -7.1890E-06 -4.2108E-04
    69   2.2025E+02 -4.6429E-03  1.1383E-02 -7.1914E-03  1.5459E-04 -4.4666E-06 -3.0150E-04
    70   2.2607E+02 -4.4274E-03  1.0631E-02 -6.8049E-03  3.9631E-04 -1.8551E-05 -2.2363E-04
    71   2.3194E+02 -4.2346E-03  9.9136E-03 -6.4590E-03  6.0245E-04  2.3886E-06 -1.7510E-04
    72   2.3784E+02 -4.0580E-03  9.2357E-03 -6.1489E-03  5.8174E-04  5.7899E-05 -3.3156E-04
    73   2.4379E+02 -3.8844E-03  8.6159E-03 -5.8663E-03  5.3224E-04  5.9803E-05 -5.4274E-04
    74   2.4978E+02 -3.7029E-03  8.0190E-03 -5.5917E-03  7.0943E-04  4.1365E-05 -5.2479E-04
    75   2.5581E+02 -3.5302E-03  7.4402E-03 -5.3091E-03  9.9398E-04 -4.0424E-07 -4.0547E-04
    76   2.6188E+02 -3.3874E-03  6.9001E-03 -4.9974E-03  1.1897E-03 -1.0453E-05 -3.0538E-04
    77   2.6798E+02 -3.2425E-03  6.3489E-03 -4.6828E-03  1.2221E-03 -1.2076E-05 -3.6646E-04
    78   2.7412E+02 -3.0980E-03  5.7999E-03 -4.3880E-03  1.2824E-03 -6.2305E-06 -4.0998E-04
    79   2.8028E+02 -2.9670E-03  5.2744E-03 -4.1126E-03  1.3302E-03 -1.9162E-06 -4.7688E-04
    80   2.8648E+02 -2.8452E-03  4.7859E-03 -3.8496E-03  1.5568E-03 -3.1675E-05 -3.8379E-04
    81   2.9271E+02 -2.7421E-03  4.3415E-03 -3.5996E-03  1.7967E-03 -2.5795E-05 -2.2934E-04
    82   2.9897E+02 -2.6618E-03  3.9278E-03 -3.3517E-03  1.7957E-03  3.1886E-05 -2.5806E-04
    83   3.0525E+02 -2.5653E-03  3.5267E-03 -3.1119E-03  1.8171E-03  1.8434E-05 -3.1483E-04
    84   3.1155E+02 -2.4757E-03  3.1518E-03 -2.8865E-03  1.9924E-03 -1.8440E-05 -2.3638E-04
    85   3.1788E+02 -2.4024E-03  2.7877E-03 -2.6633E-03  2.1286E-03 -3.1484E-05 -1.8101E-04
    86   3.2423E+02 -2.3420E-03  2.4347E-03 -2.4413E-03  2.2491E-03  1.2598E-06 -9.8269E-05
    87   3.3059E+02 -2.2831E-03  2.0854E-03 -2.2025E-03  2.3195E-03  3.5693E-05 -4.4925E-05
    88   3.3698E+02 -2.2251E-03  1.7381E-03 -1.9552E-03  2.3887E-03  5.8060E-05  4.6158E-06
    89   3.4338E+02 -2.1725E-03  1.4103E-03 -1.7340E-03  2.4368E-03  9.1460E-05  3.2015E-05
    90   3.4979E+02 -2.1131E-03  1.1091E-03 -1.5533E-03  2.4358E-03  9.6969E-05 -2.4647E-05
    91   3.5621E+02 -2.0750E-03  8.3496E-04 -1.4219E-03  2.4511E-03  1.1994E-04 -9.0839E-05
    92   3.6265E+02 -2.0497E-03  5.9159E-04 -1.3248E-03  2.4725E-03  1.4487E-04 -1.6556E-04
    93   3.6909E+02 -2.0237E-03  3.8605E-04 -1.2377E-03  2.5357E-03  1.2329E-04 -2.1633E-04
    94   3.7555E+02 -2.0067E-03  2.2156E-04 -1.1658E-03  2.6256E-03  1.1256E-04 -2.1266E-04
    95   3.8200E+02 -1.9955E-03  1.0048E-04 -1.1256E-03  2.7336E-03  9.9229E-05 -1.8787E-04
    96   3.8846E+02 -1.9912E-03  2.6713E-05 -1.1102E-03  2.8242E-03  8.1204E-05 -1.6940E-04
    97   3.9492E+02 -1.9947E-03  1.1448E-06 -1.1050E-03  2.8006E-03  8.5984E-05 -2.1196E-04

  2 97
Balance for vv:
     J       y+         Diss      vel_p_grad  Turb_diff   Visc_diff      Sum 
     1   0.0000E+00  2.0607E-05  0.0000E+00  0.0000E+00 -2.0607E-05  0.0000E+00
     2   5.2865E-02 -1.2919E-06 -1.4156E-06 -1.0728E-12  2.7061E-06 -1.3576E-09
     3   2.1145E-01 -4.2846E-05 -2.0541E-05 -9.6487E-10  6.3359E-05 -2.9770E-08
     4   4.7570E-01 -1.9119E-04 -8.7969E-05 -4.5263E-08  2.7913E-04 -7.1417E-08
     5   8.4556E-01 -5.1630E-04 -2.1728E-04 -6.0518E-07  7.3408E-04 -1.0613E-07
     6   1.3209E+00 -1.0358E-03 -3.7604E-04 -3.9011E-06  1.4157E-03 -4.5136E-08
     7   1.9017E+00 -1.7124E-03 -4.8142E-04 -1.5072E-05  2.2094E-03  4.4950E-07
     8   2.5876E+00 -2.4774E-03 -4.2940E-04 -3.7760E-05  2.9452E-03  6.4745E-07
     9   3.3786E+00 -3.2754E-03 -1.3931E-04 -5.7015E-05  3.4744E-03  2.6338E-06
    10   4.2745E+00 -4.0960E-03  3.9853E-04 -1.5090E-05  3.7200E-03  7.4063E-06
    11   5.2749E+00 -4.9766E-03  1.1277E-03  1.8553E-04  3.6831E-03  1.9699E-05
    12   6.3796E+00 -5.9778E-03  1.9471E-03  6.3853E-04  3.4159E-03  2.3751E-05
    13   7.5884E+00 -7.1492E-03  2.7988E-03  1.3858E-03  2.9874E-03  2.2816E-05
    14   8.9008E+00 -8.5046E-03  3.6971E-03  2.3663E-03  2.4588E-03  1.7555E-05
    15   1.0317E+01 -1.0015E-02  4.7579E-03  3.4149E-03  1.8765E-03  3.3866E-05
    16   1.1835E+01 -1.1619E-02  6.0919E-03  4.2901E-03  1.2825E-03  4.5412E-05
    17   1.3457E+01 -1.3238E-02  7.8481E-03  4.7304E-03  7.1601E-04  5.7016E-05
    18   1.5180E+01 -1.4793E-02  1.0100E-02  4.5307E-03  2.1327E-04  5.0943E-05
    19   1.7005E+01 -1.6219E-02  1.2887E-02  3.5957E-03 -2.0560E-04  5.8493E-05
    20   1.8932E+01 -1.7467E-02  1.6081E-02  1.9821E-03 -5.3014E-04  6.5721E-05
    21   2.0959E+01 -1.8510E-02  1.9509E-02 -1.4328E-04 -7.6472E-04  9.1570E-05
    22   2.3086E+01 -1.9330E-02  2.2878E-02 -2.5210E-03 -9.1741E-04  1.0902E-04
    23   2.5312E+01 -1.9924E-02  2.5856E-02 -4.8001E-03 -9.9761E-04  1.3432E-04
    24   2.7638E+01 -2.0296E-02  2.8161E-02 -6.7050E-03 -1.0233E-03  1.3655E-04
    25   3.0062E+01 -2.0459E-02  2.9738E-02 -8.1196E-03 -1.0204E-03  1.3907E-04
    26   3.2583E+01 -2.0448E-02  3.0535E-02 -8.9867E-03 -9.7993E-04  1.2051E-04
    27   3.5202E+01 -2.0294E-02  3.0669E-02 -9.3826E-03 -9.0157E-04  9.0107E-05
    28   3.7917E+01 -2.0018E-02  3.0426E-02 -9.4614E-03 -8.2663E-04  1.1946E-04
    29   4.0727E+01 -1.9646E-02  2.9898E-02 -9.3503E-03 -7.5135E-04  1.4961E-04
    30   4.3633E+01 -1.9201E-02  2.9125E-02 -9.0383E-03 -6.6643E-04  2.1855E-04
    31   4.6632E+01 -1.8698E-02  2.7903E-02 -8.4471E-03 -5.7111E-04  1.8622E-04
    32   4.9725E+01 -1.8141E-02  2.6386E-02 -7.5438E-03 -4.8743E-04  2.1404E-04
    33   5.2910E+01 -1.7539E-02  2.4541E-02 -6.3738E-03 -4.2227E-04  2.0584E-04
    34   5.6186E+01 -1.6910E-02  2.2656E-02 -5.1314E-03 -3.6490E-04  2.4992E-04
    35   5.9554E+01 -1.6263E-02  2.0954E-02 -4.2063E-03 -3.1659E-04  1.6740E-04
    36   6.3011E+01 -1.5614E-02  1.9596E-02 -3.6227E-03 -2.7690E-04  8.2227E-05
    37   6.6557E+01 -1.4974E-02  1.8289E-02 -3.1094E-03 -2.4001E-04 -3.4052E-05
    38   7.0191E+01 -1.4347E-02  1.7005E-02 -2.5481E-03 -1.9125E-04 -8.1233E-05
    39   7.3911E+01 -1.3732E-02  1.5773E-02 -1.9561E-03 -1.4200E-04 -5.7371E-05
    40   7.7718E+01 -1.3134E-02  1.4418E-02 -1.2278E-03 -1.0536E-04 -4.9183E-05
    41   8.1610E+01 -1.2556E-02  1.3170E-02 -5.0563E-04 -7.0082E-05  3.8011E-05
    42   8.5585E+01 -1.2001E-02  1.2135E-02 -5.9065E-05 -3.4515E-05  4.0687E-05
    43   8.9644E+01 -1.1466E-02  1.1332E-02  1.0618E-04 -1.1740E-05 -4.0264E-05
    44   9.3784E+01 -1.0955E-02  1.0694E-02  6.3289E-05 -1.5224E-05 -2.1307E-04
    45   9.8004E+01 -1.0475E-02  1.0119E-02  3.0358E-05 -2.8142E-05 -3.5324E-04
    46   1.0230E+02 -1.0016E-02  9.5859E-03  1.7502E-05 -4.0533E-05 -4.5298E-04
    47   1.0668E+02 -9.5706E-03  9.2038E-03 -3.8510E-05 -4.6169E-05 -4.5156E-04
    48   1.1114E+02 -9.1409E-03  8.8156E-03 -6.6865E-05 -4.7068E-05 -4.3927E-04
    49   1.1567E+02 -8.7336E-03  8.4632E-03 -1.9688E-05 -2.9305E-05 -3.1938E-04
    50   1.2028E+02 -8.3446E-03  8.0117E-03  1.3509E-04 -7.8827E-06 -2.0565E-04
    51   1.2496E+02 -7.9731E-03  7.5593E-03  2.9298E-04  5.8200E-06 -1.1498E-04
    52   1.2971E+02 -7.6207E-03  7.1334E-03  4.1823E-04  9.0216E-06 -6.0077E-05
    53   1.3453E+02 -7.2860E-03  6.7459E-03  4.7175E-04  1.0800E-05 -5.7535E-05
    54   1.3943E+02 -6.9639E-03  6.4490E-03  4.5994E-04  7.6807E-07 -5.4123E-05
    55   1.4439E+02 -6.6570E-03  6.0321E-03  5.6897E-04 -1.7004E-05 -7.2942E-05
    56   1.4942E+02 -6.3681E-03  5.5461E-03  8.0610E-04 -2.3291E-05 -3.9142E-05
    57   1.5451E+02 -6.0898E-03  5.1488E-03  9.9345E-04 -1.4163E-05  3.8242E-05
    58   1.5967E+02 -5.8180E-03  4.7871E-03  1.1004E-03  5.5173E-06  7.4981E-05
    59   1.6489E+02 -5.5568E-03  4.5267E-03  1.1436E-03  2.9203E-05  1.4273E-04
    60   1.7017E+02 -5.3081E-03  4.2701E-03  1.0919E-03  3.6954E-05  9.0947E-05
    61   1.7552E+02 -5.0748E-03  4.1655E-03  1.0042E-03  2.9118E-05  1.2411E-04
    62   1.8092E+02 -4.8583E-03  3.9740E-03  9.0715E-04  1.8965E-05  4.1832E-05
    63   1.8638E+02 -4.6570E-03  3.9131E-03  7.9322E-04  9.2221E-06  5.8561E-05
    64   1.9189E+02 -4.4675E-03  3.8160E-03  6.5331E-04  5.3208E-06  7.1239E-06
    65   1.9746E+02 -4.2821E-03  3.8014E-03  5.0741E-04 -2.8382E-06  2.3892E-05
    66   2.0308E+02 -4.0988E-03  3.6562E-03  5.0494E-04 -1.1288E-05  5.1001E-05
    67   2.0876E+02 -3.9229E-03  3.5133E-03  5.2438E-04 -4.8587E-06  1.1000E-04
    68   2.1448E+02 -3.7509E-03  3.3750E-03  4.9064E-04 -1.6719E-06  1.1302E-04
    69   2.2025E+02 -3.5877E-03  3.2277E-03  4.5122E-04 -9.7909E-07  9.0220E-05
    70   2.2607E+02 -3.4361E-03  3.0573E-03  4.3483E-04  4.7336E-06  6.0755E-05
    71   2.3194E+02 -3.2942E-03  2.8676E-03  4.1386E-04  1.1546E-05 -1.1117E-06
    72   2.3784E+02 -3.1569E-03  2.7120E-03  3.9231E-04  8.9453E-06 -4.3659E-05
    73   2.4379E+02 -3.0227E-03  2.4737E-03  4.4973E-04  7.4965E-08 -9.9218E-05
    74   2.4978E+02 -2.8930E-03  2.2025E-03  6.0011E-04 -2.9800E-07 -9.0674E-05
    75   2.5581E+02 -2.7705E-03  1.8930E-03  7.5976E-04  8.6485E-06 -1.0908E-04
    76   2.6188E+02 -2.6569E-03  1.6679E-03  8.8256E-04  1.3946E-05 -9.2451E-05
    77   2.6798E+02 -2.5526E-03  1.3820E-03  1.0390E-03  1.6992E-05 -1.1457E-04
    78   2.7412E+02 -2.4564E-03  1.1359E-03  1.2406E-03  2.0148E-05 -5.9768E-05
    79   2.8028E+02 -2.3661E-03  7.8997E-04  1.4895E-03  2.5272E-05 -6.1347E-05
    80   2.8648E+02 -2.2807E-03  5.1015E-04  1.7459E-03  3.6017E-05  1.1353E-05
    81   2.9271E+02 -2.1980E-03  2.2536E-04  1.9320E-03  4.2297E-05  1.6111E-06
    82   2.9897E+02 -2.1204E-03  1.2252E-04  1.9979E-03  3.9415E-05  3.9467E-05
    83   3.0525E+02 -2.0518E-03  2.8439E-05  2.0007E-03  3.1308E-05  8.6705E-06
    84   3.1155E+02 -1.9913E-03  1.8261E-05  1.9755E-03  2.2851E-05  2.5329E-05
    85   3.1788E+02 -1.9369E-03 -3.6345E-06  1.9179E-03  1.6821E-05 -5.8885E-06
    86   3.2423E+02 -1.8865E-03  6.9510E-05  1.7920E-03  1.2419E-05 -1.2525E-05
    87   3.3059E+02 -1.8384E-03  1.3595E-04  1.6513E-03  9.7941E-06 -4.1414E-05
    88   3.3698E+02 -1.7927E-03  2.5685E-04  1.4814E-03  1.2933E-05 -4.1524E-05
    89   3.4338E+02 -1.7488E-03  3.7062E-04  1.3041E-03  1.5976E-05 -5.8170E-05
    90   3.4979E+02 -1.7096E-03  4.5084E-04  1.1851E-03  1.7125E-05 -5.6526E-05
    91   3.5621E+02 -1.6768E-03  4.5832E-04  1.1501E-03  1.2933E-05 -5.5465E-05
    92   3.6265E+02 -1.6520E-03  4.5387E-04  1.1556E-03  6.4448E-06 -3.6165E-05
    93   3.6909E+02 -1.6358E-03  4.4654E-04  1.1569E-03  3.4817E-06 -2.8833E-05
    94   3.7555E+02 -1.6247E-03  4.5865E-04  1.1398E-03  1.7593E-06 -2.4494E-05
    95   3.8200E+02 -1.6172E-03  4.6655E-04  1.1097E-03  9.5713E-07 -3.9956E-05
    96   3.8846E+02 -1.6123E-03  4.7834E-04  1.0729E-03 -4.0434E-07 -6.1415E-05
    97   3.9492E+02 -1.6103E-03  4.8523E-04  1.0602E-03 -1.9008E-06 -6.6806E-05

  2 97
Balance for ww:
     J       y+         Diss      vel_p_grad  Turb_diff   Visc_diff      Sum 
     1   0.0000E+00 -1.2601E-01  0.0000E+00  3.3945E-30  1.2601E-01  0.0000E+00
     2   5.2865E-02 -1.2282E-01  1.6280E-03 -3.1591E-08  1.2116E-01 -3.1971E-05
     3   2.1145E-01 -1.1369E-01  6.1974E-03 -2.1187E-06  1.0752E-01  2.7408E-05
     4   4.7570E-01 -1.0044E-01  1.2861E-02 -2.5039E-05  8.7621E-02  1.9980E-05
     5   8.4556E-01 -8.5000E-02  2.0495E-02 -1.3950E-04  6.4652E-02  7.9181E-06
     6   1.3209E+00 -6.9373E-02  2.8038E-02 -4.9538E-04  4.1848E-02  1.7191E-05
     7   1.9017E+00 -5.5246E-02  3.4772E-02 -1.2840E-03  2.1775E-02  1.6920E-05
     8   2.5876E+00 -4.4027E-02  4.0437E-02 -2.6247E-03  6.2162E-03  1.5472E-06
     9   3.3786E+00 -3.6655E-02  4.5141E-02 -4.4526E-03 -4.0724E-03 -3.8296E-05
    10   4.2745E+00 -3.3325E-02  4.9135E-02 -6.5108E-03 -9.3952E-03 -9.5970E-05
    11   5.2749E+00 -3.3387E-02  5.2579E-02 -8.4476E-03 -1.0912E-02 -1.6733E-04
    12   6.3796E+00 -3.5610E-02  5.5435E-02 -9.9265E-03 -1.0180E-02 -2.8242E-04
    13   7.5884E+00 -3.8679E-02  5.7498E-02 -1.0697E-02 -8.5841E-03 -4.6232E-04
    14   8.9008E+00 -4.1564E-02  5.8543E-02 -1.0587E-02 -7.0354E-03 -6.4392E-04
    15   1.0317E+01 -4.3668E-02  5.8451E-02 -9.5693E-03 -5.9406E-03 -7.2658E-04
    16   1.1835E+01 -4.4792E-02  5.7280E-02 -7.8643E-03 -5.3240E-03 -7.0073E-04
    17   1.3457E+01 -4.5039E-02  5.5223E-02 -5.9007E-03 -4.9284E-03 -6.4494E-04
    18   1.5180E+01 -4.4638E-02  5.2584E-02 -4.0826E-03 -4.4883E-03 -6.2507E-04
    19   1.7005E+01 -4.3778E-02  4.9688E-02 -2.5531E-03 -4.0130E-03 -6.5640E-04
    20   1.8932E+01 -4.2601E-02  4.6849E-02 -1.3985E-03 -3.5421E-03 -6.9333E-04
    21   2.0959E+01 -4.1247E-02  4.4271E-02 -6.8918E-04 -2.9831E-03 -6.4916E-04
    22   2.3086E+01 -3.9787E-02  4.2046E-02 -4.3119E-04 -2.3075E-03 -4.7921E-04
    23   2.5312E+01 -3.8192E-02  4.0144E-02 -3.8734E-04 -1.7986E-03 -2.3444E-04
    24   2.7638E+01 -3.6545E-02  3.8486E-02 -5.7572E-04 -1.4599E-03 -9.4030E-05
    25   3.0062E+01 -3.4971E-02  3.6922E-02 -9.8882E-04 -1.0842E-03 -1.2173E-04
    26   3.2583E+01 -3.3479E-02  3.5391E-02 -1.2590E-03 -7.0208E-04 -4.8417E-05
    27   3.5202E+01 -3.2037E-02  3.3935E-02 -1.1773E-03 -4.0978E-04  3.1064E-04
    28   3.7917E+01 -3.0603E-02  3.2550E-02 -1.1425E-03 -3.6817E-04  4.3614E-04
    29   4.0727E+01 -2.9166E-02  3.1162E-02 -1.2954E-03 -4.8383E-04  2.1635E-04
    30   4.3633E+01 -2.7757E-02  2.9682E-02 -1.2812E-03 -5.0572E-04  1.3807E-04
    31   4.6632E+01 -2.6410E-02  2.8099E-02 -1.0203E-03 -4.4607E-04  2.2267E-04
    32   4.9725E+01 -2.5177E-02  2.6569E-02 -9.4698E-04 -2.6770E-04  1.7727E-04
    33   5.2910E+01 -2.4013E-02  2.5137E-02 -9.8352E-04 -1.7100E-04 -3.0300E-05
    34   5.6186E+01 -2.2902E-02  2.3763E-02 -7.4342E-04 -2.1301E-04 -9.5631E-05
    35   5.9554E+01 -2.1849E-02  2.2481E-02 -4.0203E-04 -1.0689E-04  1.2292E-04
    36   6.3011E+01 -2.0809E-02  2.1336E-02 -9.0574E-05 -4.4651E-05  3.9162E-04
    37   6.6557E+01 -1.9788E-02  2.0398E-02  1.1733E-05 -6.0383E-05  5.6193E-04
    38   7.0191E+01 -1.8744E-02  1.9544E-02  2.1693E-04 -1.7824E-04  8.3893E-04
    39   7.3911E+01 -1.7766E-02  1.8671E-02  3.1791E-04 -2.0488E-04  1.0188E-03
    40   7.7718E+01 -1.6876E-02  1.7787E-02  1.8203E-04 -2.0993E-04  8.8312E-04
    41   8.1610E+01 -1.6057E-02  1.6908E-02 -1.6876E-04 -1.4983E-04  5.3259E-04
    42   8.5585E+01 -1.5288E-02  1.6062E-02 -4.7543E-04 -7.2596E-05  2.2531E-04
    43   8.9644E+01 -1.4564E-02  1.5239E-02 -4.2139E-04 -2.2453E-05  2.3142E-04
    44   9.3784E+01 -1.3903E-02  1.4441E-02 -3.1448E-04  1.2777E-04  3.5050E-04
    45   9.8004E+01 -1.3251E-02  1.3650E-02 -3.2330E-04  1.2685E-04  2.0218E-04
    46   1.0230E+02 -1.2639E-02  1.2883E-02 -2.0550E-04 -4.9070E-06  3.3301E-05
    47   1.0668E+02 -1.2103E-02  1.2184E-02 -1.3963E-04  7.1044E-05  1.2931E-05
    48   1.1114E+02 -1.1580E-02  1.1565E-02 -1.5011E-04  1.6598E-04  1.3161E-06
    49   1.1567E+02 -1.1036E-02  1.1056E-02 -3.1761E-04  1.3713E-04 -1.6041E-04
    50   1.2028E+02 -1.0466E-02  1.0560E-02 -4.0286E-04 -5.3916E-07 -3.0852E-04
    51   1.2496E+02 -9.9346E-03  9.9627E-03 -2.8327E-04 -8.6302E-05 -3.4152E-04
    52   1.2971E+02 -9.4611E-03  9.3263E-03 -7.8974E-06 -1.3681E-04 -2.7956E-04
    53   1.3453E+02 -9.0279E-03  8.7344E-03  3.7498E-04 -1.1730E-04 -3.5756E-05
    54   1.3943E+02 -8.6203E-03  8.1540E-03  6.1280E-04 -1.5020E-05  1.3144E-04
    55   1.4439E+02 -8.2070E-03  7.5766E-03  6.4587E-04  5.6320E-05  7.1742E-05
    56   1.4942E+02 -7.8042E-03  7.0473E-03  6.8451E-04  5.6686E-05 -1.5701E-05
    57   1.5451E+02 -7.4240E-03  6.6212E-03  6.6246E-04  4.9785E-05 -9.0512E-05
    58   1.5967E+02 -7.0615E-03  6.3102E-03  6.1565E-04  5.7769E-05 -7.7957E-05
    59   1.6489E+02 -6.7260E-03  6.0666E-03  5.5374E-04  1.4369E-05 -9.1258E-05
    60   1.7017E+02 -6.4250E-03  5.8337E-03  5.3570E-04  2.3496E-05 -3.2122E-05
    61   1.7552E+02 -6.1482E-03  5.6061E-03  6.2355E-04  2.3990E-06  8.3782E-05
    62   1.8092E+02 -5.8958E-03  5.3960E-03  5.5400E-04  2.4677E-05  7.8896E-05
    63   1.8638E+02 -5.6395E-03  5.2289E-03  4.6876E-04  1.7400E-05  7.5535E-05
    64   1.9189E+02 -5.3623E-03  5.0860E-03  3.7700E-04 -1.6692E-05  8.3941E-05
    65   1.9746E+02 -5.1154E-03  4.9289E-03  3.2363E-04 -2.8192E-06  1.3435E-04
    66   2.0308E+02 -4.8951E-03  4.7155E-03  1.6629E-07  1.5035E-05 -1.6438E-04
    67   2.0876E+02 -4.6741E-03  4.4487E-03 -2.2346E-04  1.9595E-05 -4.2933E-04
    68   2.1448E+02 -4.4654E-03  4.1448E-03 -1.8052E-04  6.0175E-05 -4.4095E-04
    69   2.2025E+02 -4.2693E-03  3.8522E-03 -3.4666E-07  5.9433E-05 -3.5809E-04
    70   2.2607E+02 -4.0772E-03  3.5771E-03  2.5573E-04  6.8186E-06 -2.3759E-04
    71   2.3194E+02 -3.8835E-03  3.3323E-03  5.1286E-04 -5.1505E-05 -8.9886E-05
    72   2.3784E+02 -3.7250E-03  3.1102E-03  6.5773E-04 -3.1047E-05  1.1922E-05
    73   2.4379E+02 -3.5852E-03  2.8818E-03  6.3061E-04  3.5707E-05 -3.7047E-05
    74   2.4978E+02 -3.4303E-03  2.6741E-03  5.2987E-04  3.9479E-05 -1.8689E-04
    75   2.5581E+02 -3.2683E-03  2.4544E-03  6.2101E-04  2.7200E-05 -1.6570E-04
    76   2.6188E+02 -3.1381E-03  2.2293E-03  6.7907E-04  7.2725E-05 -1.5697E-04
    77   2.6798E+02 -3.0048E-03  2.0461E-03  5.7047E-04  6.4478E-05 -3.2366E-04
    78   2.7412E+02 -2.8673E-03  1.9066E-03  5.8538E-04  3.2448E-05 -3.4287E-04
    79   2.8028E+02 -2.7401E-03  1.7839E-03  6.6764E-04  8.8753E-06 -2.7968E-04
    80   2.8648E+02 -2.6175E-03  1.6562E-03  7.1838E-04 -6.5973E-06 -2.4958E-04
    81   2.9271E+02 -2.5078E-03  1.5433E-03  7.6704E-04 -3.6218E-06 -2.0103E-04
    82   2.9897E+02 -2.4173E-03  1.4392E-03  8.6638E-04  2.5760E-05 -8.5967E-05
    83   3.0525E+02 -2.3298E-03  1.3244E-03  8.3733E-04  6.8282E-05 -9.9748E-05
    84   3.1155E+02 -2.2399E-03  1.2169E-03  7.9735E-04  6.7791E-05 -1.5779E-04
    85   3.1788E+02 -2.1485E-03  1.1344E-03  8.3040E-04  4.3057E-05 -1.4064E-04
    86   3.2423E+02 -2.0682E-03  1.0876E-03  8.3696E-04  2.5830E-05 -1.1785E-04
    87   3.3059E+02 -2.0022E-03  1.0701E-03  8.0188E-04  7.9803E-06 -1.2230E-04
    88   3.3698E+02 -1.9469E-03  1.0666E-03  8.5403E-04  1.9398E-06 -2.4264E-05
    89   3.4338E+02 -1.9025E-03  1.0651E-03  9.1641E-04  2.0872E-05  9.9923E-05
    90   3.4979E+02 -1.8542E-03  1.0516E-03  9.5918E-04  2.3573E-05  1.8016E-04
    91   3.5621E+02 -1.8068E-03  1.0223E-03  9.3412E-04  1.1432E-05  1.6106E-04
    92   3.6265E+02 -1.7683E-03  9.8875E-04  8.3664E-04  1.3816E-05  7.0864E-05
    93   3.6909E+02 -1.7380E-03  9.6079E-04  7.6859E-04  1.2984E-05  4.3913E-06
    94   3.7555E+02 -1.7228E-03  9.3423E-04  8.0293E-04  2.1147E-05  3.5552E-05
    95   3.8200E+02 -1.7113E-03  9.0848E-04  8.3600E-04  2.5200E-05  5.8356E-05
    96   3.8846E+02 -1.7045E-03  8.8435E-04  7.8245E-04  2.8403E-05 -9.3300E-06
    97   3.9492E+02 -1.7053E-03  8.7412E-04  7.4487E-04  4.3769E-05 -4.2533E-05

  2 97
Balance for uv:
     J       y+         Diss        Prod     vel_p_grad  Turb_diff   Visc_diff      Sum 
     1   0.0000E+00  1.4634E-04 -6.2380E-25  1.7106E-16  1.3942E-17 -1.4634E-04  1.8562E-16
     2   5.2865E-02  2.1308E-04 -1.0002E-09  1.0036E-04 -1.0552E-08 -3.1362E-04 -1.8761E-07
     3   2.1145E-01  8.2807E-04 -2.4376E-07  4.0953E-04 -4.1192E-07 -1.2366E-03  3.3589E-07
     4   4.7570E-01  1.9510E-03 -5.7670E-06  9.5036E-04 -1.0515E-05 -2.8875E-03 -2.3998E-06
     5   8.4556E-01  3.6205E-03 -5.1583E-05  1.8166E-03 -9.1265E-05 -5.2927E-03  1.6135E-06
     6   1.3209E+00  5.8296E-03 -2.6715E-04  3.2165E-03 -4.5615E-04 -8.3307E-03 -7.9353E-06
     7   1.9017E+00  8.3595E-03 -9.6877E-04  5.6284E-03 -1.5463E-03 -1.1476E-02 -2.5859E-06
     8   2.5876E+00  1.0749E-02 -2.7212E-03  9.6284E-03 -3.8921E-03 -1.3789E-02 -2.4347E-05
     9   3.3786E+00  1.2390E-02 -6.2838E-03  1.5755E-02 -7.6338E-03 -1.4251E-02 -2.4099E-05
    10   4.2745E+00  1.2804E-02 -1.2389E-02  2.3949E-02 -1.2051E-02 -1.2371E-02 -5.8174E-05
    11   5.2749E+00  1.1877E-02 -2.1401E-02  3.3604E-02 -1.5574E-02 -8.5494E-03 -4.2872E-05
    12   6.3796E+00  9.9197E-03 -3.3034E-02  4.3481E-02 -1.6500E-02 -3.9141E-03 -4.8358E-05
    13   7.5884E+00  7.4832E-03 -4.6308E-02  5.2392E-02 -1.3884E-02  3.0511E-04 -1.1816E-05
    14   8.9008E+00  5.1151E-03 -5.9804E-02  5.9415E-02 -8.0264E-03  3.2844E-03 -1.5511E-05
    15   1.0317E+01  3.1778E-03 -7.2079E-02  6.4333E-02 -2.2673E-04  4.8211E-03  2.6298E-05
    16   1.1835E+01  1.8105E-03 -8.2022E-02  6.7296E-02  7.8065E-03  5.1807E-03  7.1544E-05
    17   1.3457E+01  9.8311E-04 -8.9033E-02  6.8675E-02  1.4694E-02  4.8197E-03  1.3965E-04
    18   1.5180E+01  5.8894E-04 -9.3017E-02  6.8833E-02  1.9665E-02  4.1100E-03  1.7972E-04
    19   1.7005E+01  5.1248E-04 -9.4264E-02  6.8107E-02  2.2537E-02  3.3123E-03  2.0459E-04
    20   1.8932E+01  6.5428E-04 -9.3276E-02  6.6746E-02  2.3502E-02  2.5733E-03  1.9950E-04
    21   2.0959E+01  9.3894E-04 -9.0631E-02  6.4865E-02  2.2991E-02  1.9458E-03  1.1032E-04
    22   2.3086E+01  1.2980E-03 -8.6845E-02  6.2690E-02  2.1411E-02  1.4415E-03 -3.8683E-06
    23   2.5312E+01  1.6718E-03 -8.2335E-02  6.0429E-02  1.9034E-02  1.0965E-03 -1.0320E-04
    24   2.7638E+01  2.0367E-03 -7.7454E-02  5.8251E-02  1.6142E-02  8.4496E-04 -1.7927E-04
    25   3.0062E+01  2.3852E-03 -7.2533E-02  5.6184E-02  1.3130E-02  6.3397E-04 -2.0005E-04
    26   3.2583E+01  2.6907E-03 -6.7769E-02  5.3991E-02  1.0381E-02  4.5325E-04 -2.5358E-04
    27   3.5202E+01  2.9482E-03 -6.3288E-02  5.1709E-02  8.0804E-03  3.4155E-04 -2.0890E-04
    28   3.7917E+01  3.1765E-03 -5.9207E-02  4.9400E-02  6.2635E-03  2.2655E-04 -1.4096E-04
    29   4.0727E+01  3.3522E-03 -5.5465E-02  4.7351E-02  4.5581E-03  1.5880E-04 -4.4479E-05
    30   4.3633E+01  3.4485E-03 -5.1950E-02  4.5527E-02  2.8468E-03  1.3631E-04  8.8397E-06
    31   4.6632E+01  3.4731E-03 -4.8674E-02  4.3526E-02  1.5280E-03  1.2184E-04 -2.4688E-05
    32   4.9725E+01  3.4440E-03 -4.5655E-02  4.1603E-02  5.6775E-04  1.0939E-04  6.9311E-05
    33   5.2910E+01  3.3898E-03 -4.2942E-02  3.9868E-02 -3.4110E-04  1.0371E-04  7.8186E-05
    34   5.6186E+01  3.3196E-03 -4.0601E-02  3.8327E-02 -9.4073E-04  9.1012E-05  1.9614E-04
    35   5.9554E+01  3.2432E-03 -3.8663E-02  3.6671E-02 -1.2497E-03  6.8747E-05  6.9717E-05
    36   6.3011E+01  3.1566E-03 -3.7032E-02  3.5215E-02 -1.5534E-03  4.5041E-05 -1.6876E-04
    37   6.6557E+01  3.0454E-03 -3.5522E-02  3.4073E-02 -1.9368E-03  1.5550E-05 -3.2479E-04
    38   7.0191E+01  2.9317E-03 -3.4068E-02  3.2815E-02 -1.9135E-03 -3.6738E-05 -2.7187E-04
    39   7.3911E+01  2.8302E-03 -3.2646E-02  3.1423E-02 -1.6470E-03 -4.0658E-05 -8.0621E-05
    40   7.7718E+01  2.7196E-03 -3.1232E-02  3.0131E-02 -1.5421E-03 -2.3246E-05  5.3258E-05
    41   8.1610E+01  2.5946E-03 -2.9768E-02  2.8888E-02 -1.6168E-03 -1.0311E-05  8.7886E-05
    42   8.5585E+01  2.4550E-03 -2.8298E-02  2.7710E-02 -1.7986E-03 -6.2988E-06  6.2066E-05
    43   8.9644E+01  2.3172E-03 -2.6933E-02  2.6549E-02 -1.8941E-03 -7.0516E-06  3.1141E-05
    44   9.3784E+01  2.1835E-03 -2.5735E-02  2.5488E-02 -1.9007E-03 -1.1514E-05  2.4344E-05
    45   9.8004E+01  2.0697E-03 -2.4734E-02  2.4508E-02 -1.8665E-03  8.1216E-06 -1.5016E-05
    46   1.0230E+02  1.9693E-03 -2.3894E-02  2.3671E-02 -1.6289E-03 -2.6422E-05  9.0487E-05
    47   1.0668E+02  1.8599E-03 -2.3051E-02  2.2808E-02 -1.2712E-03 -3.0260E-05  3.1588E-04
    48   1.1114E+02  1.7663E-03 -2.2201E-02  2.1843E-02 -1.0234E-03 -2.8065E-05  3.5678E-04
    49   1.1567E+02  1.6849E-03 -2.1209E-02  2.0858E-02 -8.5149E-04 -1.3668E-05  4.6826E-04
    50   1.2028E+02  1.6122E-03 -2.0130E-02  1.9830E-02 -8.4808E-04  1.3313E-05  4.7783E-04
    51   1.2496E+02  1.5424E-03 -1.9080E-02  1.8756E-02 -8.0553E-04  4.0431E-05  4.5324E-04
    52   1.2971E+02  1.4694E-03 -1.8157E-02  1.7798E-02 -9.0145E-04  5.1133E-05  2.6051E-04
    53   1.3453E+02  1.4008E-03 -1.7392E-02  1.6816E-02 -7.7095E-04  3.0730E-05  8.4336E-05
    54   1.3943E+02  1.3369E-03 -1.6733E-02  1.5770E-02 -3.5943E-04  1.4776E-05  2.9591E-05
    55   1.4439E+02  1.2646E-03 -1.6003E-02  1.4817E-02 -5.4693E-05 -1.4688E-05  9.8876E-06
    56   1.4942E+02  1.1891E-03 -1.5158E-02  1.4095E-02  1.1528E-04 -2.2830E-05  2.1862E-04
    57   1.5451E+02  1.1224E-03 -1.4336E-02  1.3427E-02  1.4293E-04 -2.0437E-06  3.5444E-04
    58   1.5967E+02  1.0657E-03 -1.3648E-02  1.2834E-02  7.3214E-05  1.2617E-05  3.3740E-04
    59   1.6489E+02  1.0067E-03 -1.3007E-02  1.2296E-02 -2.6686E-05  1.0771E-05  2.7995E-04
    60   1.7017E+02  9.5155E-04 -1.2403E-02  1.1808E-02 -5.1555E-05  2.2957E-06  3.0642E-04
    61   1.7552E+02  9.1146E-04 -1.1929E-02  1.1440E-02 -8.2949E-05 -6.0826E-06  3.3319E-04
    62   1.8092E+02  8.7722E-04 -1.1598E-02  1.1216E-02 -8.4559E-05 -2.6071E-06  4.0862E-04
    63   1.8638E+02  8.4388E-04 -1.1314E-02  1.0941E-02 -1.5505E-04 -3.0696E-07  3.1563E-04
    64   1.9189E+02  8.0961E-04 -1.0995E-02  1.0550E-02 -1.3211E-04  6.1632E-06  2.3812E-04
    65   1.9746E+02  7.7459E-04 -1.0613E-02  1.0036E-02 -1.3215E-04  1.5549E-06  6.6380E-05
    66   2.0308E+02  7.4097E-04 -1.0158E-02  9.5173E-03 -3.4386E-05 -1.0134E-05  5.5638E-05
    67   2.0876E+02  7.0843E-04 -9.6699E-03  9.0497E-03 -5.4950E-06 -7.7297E-06  7.4969E-05
    68   2.1448E+02  6.8055E-04 -9.2045E-03  8.5592E-03 -1.9984E-05  2.1012E-06  1.7389E-05
    69   2.2025E+02  6.5294E-04 -8.7275E-03  8.1365E-03 -8.5470E-05  2.3648E-06 -2.1159E-05
    70   2.2607E+02  6.2219E-04 -8.2470E-03  7.7200E-03 -8.1528E-05 -5.0815E-06  8.5282E-06
    71   2.3194E+02  5.9079E-04 -7.7869E-03  7.4734E-03 -1.7839E-04 -3.5304E-06  9.5350E-05
    72   2.3784E+02  5.5858E-04 -7.3528E-03  7.2540E-03 -3.3064E-04 -6.7686E-06  1.2235E-04
    73   2.4379E+02  5.2865E-04 -6.9578E-03  7.1133E-03 -5.3983E-04 -1.8965E-06  1.4238E-04
    74   2.4978E+02  4.9798E-04 -6.5730E-03  6.9588E-03 -8.0587E-04  3.7928E-07  7.8202E-05
    75   2.5581E+02  4.6918E-04 -6.1977E-03  6.8252E-03 -1.1005E-03  9.0876E-06  5.3174E-06
    76   2.6188E+02  4.4492E-04 -5.8565E-03  6.6042E-03 -1.2330E-03 -6.7302E-07 -4.1048E-05
    77   2.6798E+02  4.1755E-04 -5.5046E-03  6.4511E-03 -1.3508E-03 -2.2167E-06  1.1096E-05
    78   2.7412E+02  3.8771E-04 -5.1520E-03  6.2985E-03 -1.4938E-03  3.5602E-06  4.4010E-05
    79   2.8028E+02  3.5750E-04 -4.8193E-03  6.1377E-03 -1.5843E-03  1.5083E-06  9.3111E-05
    80   2.8648E+02  3.3136E-04 -4.5187E-03  5.7936E-03 -1.5448E-03  5.9182E-06  6.7457E-05
    81   2.9271E+02  3.1108E-04 -4.2623E-03  5.4407E-03 -1.4464E-03  7.5930E-06  5.0651E-05
    82   2.9897E+02  2.9228E-04 -4.0415E-03  5.0590E-03 -1.2904E-03  2.5037E-06  2.1946E-05
    83   3.0525E+02  2.7043E-04 -3.8340E-03  4.7364E-03 -1.1291E-03  3.4123E-10  4.3707E-05
    84   3.1155E+02  2.5429E-04 -3.6497E-03  4.4852E-03 -1.1020E-03  3.0465E-06 -9.1247E-06
    85   3.1788E+02  2.4002E-04 -3.4686E-03  4.2824E-03 -1.0872E-03 -6.5939E-07 -3.4116E-05
    86   3.2423E+02  2.2443E-04 -3.2833E-03  4.0443E-03 -1.0482E-03 -6.6732E-07 -6.3378E-05
    87   3.3059E+02  2.0780E-04 -3.0761E-03  3.7841E-03 -9.8235E-04 -3.3360E-06 -6.9851E-05
    88   3.3698E+02  1.8971E-04 -2.8322E-03  3.4484E-03 -8.8270E-04 -1.0767E-06 -7.7854E-05
    89   3.4338E+02  1.7226E-04 -2.5715E-03  3.0964E-03 -7.7346E-04 -3.1401E-07 -7.6593E-05
    90   3.4979E+02  1.5389E-04 -2.3028E-03  2.7524E-03 -6.6373E-04 -3.4640E-06 -6.3720E-05
    91   3.5621E+02  1.3284E-04 -2.0178E-03  2.4485E-03 -6.1783E-04 -1.5236E-06 -5.5808E-05
    92   3.6265E+02  1.0827E-04 -1.7128E-03  2.1342E-03 -5.9874E-04  8.9430E-07 -6.8212E-05
    93   3.6909E+02  8.3746E-05 -1.3971E-03  1.7201E-03 -4.9061E-04  1.5875E-06 -8.2310E-05
    94   3.7555E+02  5.9868E-05 -1.0716E-03  1.2603E-03 -2.8162E-04 -2.6928E-06 -3.5803E-05
    95   3.8200E+02  3.6441E-05 -7.2929E-04  8.0012E-04 -9.8690E-05 -4.7723E-06  3.8090E-06
    96   3.8846E+02  1.8223E-05 -3.7746E-04  3.8488E-04 -2.9743E-05 -3.7623E-06 -7.8692E-06
    97   3.9492E+02 -1.1457E-05  8.6803E-05  1.5794E-04 -4.4353E-05 -7.0661E-06  1.8187E-04

  2 97
Balance for 0.5*(uu+vv+ww):
     J       y+         Diss        Prod     vel_p_grad  Turb_diff   Visc_diff      Sum 
     1   0.0000E+00  2.2081E-01  2.6647E-25  0.0000E+00 -1.1533E-24  2.2081E-01  1.0658E-13
     2   5.2865E-02  2.1871E-01  1.3969E-07  9.7131E-04  2.3692E-07  2.1771E-01 -2.2766E-05
     3   2.1145E-01  2.1338E-01  9.0456E-06  3.6472E-03  1.5192E-05  2.0973E-01  1.9194E-05
     4   4.7570E-01  2.0605E-01  1.0494E-04  7.3860E-03  1.7381E-04  1.9840E-01  1.3450E-05
     5   8.4556E-01  1.9794E-01  6.0206E-04  1.1338E-02  9.7660E-04  1.8503E-01  5.5821E-06
     6   1.3209E+00  1.8982E-01  2.3354E-03  1.4705E-02  3.6367E-03  1.6916E-01  1.7082E-05
     7   1.9017E+00  1.8143E-01  6.9917E-03  1.6953E-02  1.0033E-02  1.4748E-01  2.6519E-05
     8   2.5876E+00  1.7187E-01  1.7217E-02  1.7913E-02  2.1377E-02  1.1540E-01  3.2136E-05
     9   3.3786E+00  1.6065E-01  3.6034E-02  1.7723E-02  3.5728E-02  7.1184E-02  1.7283E-05
    10   4.2745E+00  1.4879E-01  6.5303E-02  1.6669E-02  4.6876E-02  1.9920E-02 -1.8329E-05
    11   5.2749E+00  1.3861E-01  1.0382E-01  1.5040E-02  4.7118E-02 -2.7437E-02 -6.5633E-05
    12   6.3796E+00  1.3216E-01  1.4658E-01  1.3024E-02  3.2688E-02 -6.0237E-02 -1.0551E-04
    13   7.5884E+00  1.2964E-01  1.8615E-01  1.0739E-02  6.8152E-03 -7.4250E-02 -1.8901E-04
    14   8.9008E+00  1.2951E-01  2.1568E-01  8.2879E-03 -2.2442E-02 -7.2372E-02 -3.5741E-04
    15   1.0317E+01  1.2971E-01  2.3144E-01  5.7993E-03 -4.6876E-02 -6.1176E-02 -5.2315E-04
    16   1.1835E+01  1.2875E-01  2.3342E-01  3.3879E-03 -6.1678E-02 -4.6919E-02 -5.3568E-04
    17   1.3457E+01  1.2610E-01  2.2432E-01  1.2005E-03 -6.6274E-02 -3.3545E-02 -3.9162E-04
    18   1.5180E+01  1.2190E-01  2.0792E-01 -6.0943E-04 -6.3036E-02 -2.2612E-02 -2.4390E-04
    19   1.7005E+01  1.1655E-01  1.8778E-01 -1.8840E-03 -5.5087E-02 -1.4424E-02 -1.6581E-04
    20   1.8932E+01  1.1045E-01  1.6664E-01 -2.5526E-03 -4.5165E-02 -8.6049E-03 -1.3379E-04
    21   2.0959E+01  1.0398E-01  1.4628E-01 -2.5909E-03 -3.5211E-02 -4.5835E-03 -7.8761E-05
    22   2.3086E+01  9.7353E-02  1.2768E-01 -2.1478E-03 -2.6089E-02 -1.9407E-03  1.4605E-04
    23   2.5312E+01  9.0624E-02  1.1118E-01 -1.4885E-03 -1.8032E-02 -5.3338E-04  5.0052E-04
    24   2.7638E+01  8.4007E-02  9.6842E-02 -8.3982E-04 -1.1365E-02  1.8736E-04  8.1716E-04
    25   3.0062E+01  7.7799E-02  8.4614E-02 -3.0734E-04 -6.4641E-03  8.5394E-04  8.9735E-04
    26   3.2583E+01  7.2001E-02  7.4295E-02  2.0377E-05 -2.9761E-03  1.4615E-03  8.0000E-04
    27   3.5202E+01  6.6546E-02  6.5655E-02  1.8688E-04 -3.6884E-04  1.6969E-03  6.2357E-04
    28   3.7917E+01  6.1524E-02  5.8489E-02  3.7887E-04  1.2979E-03  1.6437E-03  2.8566E-04
    29   4.0727E+01  5.6902E-02  5.2490E-02  6.0627E-04  2.1110E-03  1.4704E-03 -2.2382E-04
    30   4.3633E+01  5.2625E-02  4.7362E-02  8.0722E-04  2.6826E-03  1.2164E-03 -5.5619E-04
    31   4.6632E+01  4.8696E-02  4.2956E-02  8.2778E-04  3.2668E-03  9.4331E-04 -7.0153E-04
    32   4.9725E+01  4.5161E-02  3.9160E-02  7.2817E-04  3.7662E-03  8.2320E-04 -6.8277E-04
    33   5.2910E+01  4.2001E-02  3.5917E-02  5.0945E-04  3.9503E-03  7.2104E-04 -9.0345E-04
    34   5.6186E+01  3.9146E-02  3.3205E-02  2.5686E-04  4.2192E-03  4.7794E-04 -9.8717E-04
    35   5.9554E+01  3.6561E-02  3.0992E-02  9.2215E-05  4.5849E-03  3.0996E-04 -5.8259E-04
    36   6.3011E+01  3.4219E-02  2.9157E-02  1.0335E-04  4.7814E-03  2.5761E-04  8.0879E-05
    37   6.6557E+01  3.2079E-02  2.7532E-02  1.5572E-04  4.6242E-03  2.8252E-04  5.1530E-04
    38   7.0191E+01  3.0074E-02  2.6055E-02  1.8597E-04  4.2313E-03  2.6761E-04  6.6585E-04
    39   7.3911E+01  2.8242E-02  2.4702E-02  1.4126E-04  3.7735E-03  2.7090E-04  6.4655E-04
    40   7.7718E+01  2.6557E-02  2.3437E-02 -5.7064E-05  3.4424E-03  2.3326E-04  4.9876E-04
    41   8.1610E+01  2.4993E-02  2.2190E-02 -2.4869E-04  3.1266E-03  1.8367E-04  2.5913E-04
    42   8.5585E+01  2.3546E-02  2.0976E-02 -3.4347E-04  2.9017E-03  1.4036E-04  1.2893E-04
    43   8.9644E+01  2.2253E-02  1.9862E-02 -3.7743E-04  2.8677E-03  1.3351E-04  2.3325E-04
    44   9.3784E+01  2.1056E-02  1.8885E-02 -4.0262E-04  2.6480E-03  1.8699E-04  2.6178E-04
    45   9.8004E+01  1.9946E-02  1.8066E-02 -4.3764E-04  2.3822E-03  1.5201E-04  2.1714E-04
    46   1.0230E+02  1.8926E-02  1.7377E-02 -4.3651E-04  1.7879E-03  1.0657E-04 -9.1203E-05
    47   1.0668E+02  1.7984E-02  1.6712E-02 -3.6116E-04  1.0287E-03  1.1892E-04 -4.8497E-04
    48   1.1114E+02  1.7107E-02  1.6077E-02 -3.1756E-04  3.8851E-04  1.5626E-04 -8.0309E-04
    49   1.1567E+02  1.6249E-02  1.5366E-02 -3.1399E-04  1.4531E-04  1.0997E-04 -9.4238E-04
    50   1.2028E+02  1.5421E-02  1.4605E-02 -4.2985E-04  3.7022E-04  3.8683E-05 -8.3694E-04
    51   1.2496E+02  1.4646E-02  1.3859E-02 -6.0796E-04  8.3526E-04  3.0048E-06 -5.5668E-04
    52   1.2971E+02  1.3922E-02  1.3183E-02 -7.5184E-04  1.3234E-03 -1.7041E-05 -1.8426E-04
    53   1.3453E+02  1.3239E-02  1.2597E-02 -8.1136E-04  1.6372E-03 -2.3166E-05  1.5993E-04
    54   1.3943E+02  1.2617E-02  1.2071E-02 -7.7950E-04  1.6001E-03  3.6159E-05  3.1100E-04
    55   1.4439E+02  1.2005E-02  1.1491E-02 -7.9291E-04  1.3584E-03  1.1245E-04  1.6422E-04
    56   1.4942E+02  1.1400E-02  1.0843E-02 -8.4900E-04  1.1179E-03  7.4079E-05 -2.1405E-04
    57   1.5451E+02  1.0835E-02  1.0231E-02 -8.5666E-04  1.0951E-03  5.6449E-06 -3.5964E-04
    58   1.5967E+02  1.0302E-02  9.7200E-03 -8.2503E-04  1.0984E-03 -8.1052E-06 -3.1661E-04
    59   1.6489E+02  9.7868E-03  9.2366E-03 -7.4843E-04  1.1042E-03 -2.6689E-05 -2.2117E-04
    60   1.7017E+02  9.3378E-03  8.7686E-03 -6.9700E-04  1.0591E-03 -5.0310E-06 -2.1215E-04
    61   1.7552E+02  8.9447E-03  8.3829E-03 -6.1305E-04  9.7572E-04  1.7190E-05 -1.8194E-04
    62   1.8092E+02  8.5783E-03  8.0935E-03 -5.8655E-04  8.2918E-04  1.8248E-05 -2.2393E-04
    63   1.8638E+02  8.2226E-03  7.8341E-03 -4.7458E-04  6.5052E-04  2.3215E-05 -1.8934E-04
    64   1.9189E+02  7.8534E-03  7.5482E-03 -3.4570E-04  4.7452E-04  7.9623E-07 -1.7567E-04
    65   1.9746E+02  7.5094E-03  7.2144E-03 -1.6459E-04  3.7979E-04  7.8558E-06 -7.1955E-05
    66   2.0308E+02  7.1861E-03  6.8330E-03 -8.5004E-05  1.4508E-04  3.1064E-05 -2.6200E-04
    67   2.0876E+02  6.8554E-03  6.4402E-03 -5.2405E-05  2.9892E-05  1.0990E-05 -4.2673E-04
    68   2.1448E+02  6.5435E-03  6.0704E-03 -4.7525E-05  1.2320E-04  2.5657E-05 -3.7182E-04
    69   2.2025E+02  6.2500E-03  5.6954E-03 -5.5769E-05  3.0273E-04  2.6994E-05 -2.8065E-04
    70   2.2607E+02  5.9704E-03  5.3196E-03 -8.5285E-05  5.4343E-04 -3.4996E-06 -1.9608E-04
    71   2.3194E+02  5.7061E-03  4.9604E-03 -1.2953E-04  7.6458E-04 -1.8785E-05 -1.2947E-04
    72   2.3784E+02  5.4699E-03  4.6210E-03 -1.6336E-04  8.1589E-04  1.7898E-05 -1.7844E-04
    73   2.4379E+02  5.2461E-03  4.3113E-03 -2.5542E-04  8.0629E-04  4.7793E-05 -3.3618E-04
    74   2.4978E+02  5.0131E-03  4.0136E-03 -3.5757E-04  9.1971E-04  4.0273E-05 -3.9704E-04
    75   2.5581E+02  4.7845E-03  3.7254E-03 -4.8085E-04  1.1874E-03  1.7722E-05 -3.3481E-04
    76   2.6188E+02  4.5912E-03  3.4572E-03 -5.5009E-04  1.3757E-03  3.8109E-05 -2.7030E-04
    77   2.6798E+02  4.3999E-03  3.1834E-03 -6.2732E-04  1.4158E-03  3.4697E-05 -3.9333E-04
    78   2.7412E+02  4.2109E-03  2.9098E-03 -6.7276E-04  1.5542E-03  2.3183E-05 -3.9645E-04
    79   2.8028E+02  4.0366E-03  2.6465E-03 -7.6936E-04  1.7437E-03  1.6116E-05 -3.9968E-04
    80   2.8648E+02  3.8717E-03  2.4006E-03 -8.4164E-04  2.0106E-03 -1.1274E-06 -3.0336E-04
    81   2.9271E+02  3.7239E-03  2.1765E-03 -9.1546E-04  2.2478E-03  6.4398E-06 -2.0858E-04
    82   2.9897E+02  3.5997E-03  1.9681E-03 -8.9497E-04  2.3300E-03  4.8530E-05 -1.4805E-04
    83   3.0525E+02  3.4734E-03  1.7668E-03 -8.7950E-04  2.3276E-03  5.9012E-05 -1.9955E-04
    84   3.1155E+02  3.3534E-03  1.5785E-03 -8.2563E-04  2.3826E-03  3.6101E-05 -1.8187E-04
    85   3.1788E+02  3.2439E-03  1.3951E-03 -7.6627E-04  2.4384E-03  1.4197E-05 -1.6247E-04
    86   3.2423E+02  3.1484E-03  1.2172E-03 -6.4212E-04  2.4391E-03  1.9754E-05 -1.1440E-04
    87   3.3059E+02  3.0619E-03  1.0415E-03 -4.9822E-04  2.3863E-03  2.6734E-05 -1.0553E-04
    88   3.3698E+02  2.9824E-03  8.6710E-04 -3.1587E-04  2.3621E-03  3.6467E-05 -3.2561E-05
    89   3.4338E+02  2.9119E-03  7.0290E-04 -1.4916E-04  2.3286E-03  6.4154E-05  3.4638E-05
    90   3.4979E+02  2.8385E-03  5.5210E-04 -2.5422E-05  2.2900E-03  6.8834E-05  4.7064E-05
    91   3.5621E+02  2.7793E-03  4.1552E-04  2.9378E-05  2.2677E-03  7.2155E-05  5.4221E-06
    92   3.6265E+02  2.7350E-03  2.9369E-04  5.8896E-05  2.2323E-03  8.2563E-05 -6.7534E-05
    93   3.6909E+02  2.6987E-03  1.9045E-04  8.4837E-05  2.2306E-03  6.9879E-05 -1.2296E-04
    94   3.7555E+02  2.6771E-03  1.0748E-04  1.1356E-04  2.2842E-03  6.7733E-05 -1.0410E-04
    95   3.8200E+02  2.6620E-03  4.6238E-05  1.2470E-04  2.3396E-03  6.2693E-05 -8.8736E-05
    96   3.8846E+02  2.6540E-03  8.7302E-06  1.2622E-04  2.3398E-03  5.4601E-05 -1.2470E-04
    97   3.9492E+02  2.6552E-03 -4.3040E-06  1.2720E-04  2.3028E-03  6.3926E-05 -1.6553E-04
