1.000000e+00 0.000000e+00
9.968100e-01 3.100000e-04
9.874500e-01 1.320000e-03
9.723500e-01 3.100000e-03
9.519300e-01 5.470000e-03
9.263900e-01 8.240000e-03
8.960000e-01 1.139000e-02
8.611200e-01 1.494000e-02
8.222400e-01 1.884000e-02
7.798500e-01 2.304000e-02
7.344900e-01 2.744000e-02
6.867300e-01 3.197000e-02
6.371700e-01 3.649000e-02
5.864100e-01 4.086000e-02
5.349900e-01 4.494000e-02
4.835000e-01 4.859000e-02
4.324900e-01 5.171000e-02
3.825000e-01 5.415000e-02
3.340500e-01 5.581000e-02
2.876000e-01 5.658000e-02
2.435800e-01 5.639000e-02
2.024000e-01 5.518000e-02
1.644200e-01 5.292000e-02
1.299300e-01 4.961000e-02
9.921000e-02 4.526000e-02
7.244000e-02 3.993000e-02
4.978000e-02 3.372000e-02
3.130000e-02 2.677000e-02
1.702000e-02 1.932000e-02
6.970000e-03 1.172000e-02
1.270000e-03 4.380000e-03
2.500000e-04 -1.860000e-03
4.570000e-03 -7.410000e-03
1.408000e-02 -1.285000e-02
2.839000e-02 -1.759000e-02
4.763000e-02 -2.141000e-02
7.182000e-02 -2.438000e-02
1.007300e-01 -2.660000e-02
1.340700e-01 -2.809000e-02
1.715000e-01 -2.888000e-02
2.126800e-01 -2.900000e-02
2.571900e-01 -2.852000e-02
3.045600e-01 -2.752000e-02
3.542600e-01 -2.608000e-02
4.057200e-01 -2.428000e-02
4.583700e-01 -2.217000e-02
5.116100e-01 -1.980000e-02
5.648400e-01 -1.723000e-02
6.174800e-01 -1.450000e-02
6.689800e-01 -1.167000e-02
7.188300e-01 -8.870000e-03
7.664400e-01 -6.280000e-03
8.111800e-01 -4.030000e-03
8.524100e-01 -2.200000e-03
8.895700e-01 -8.200000e-04
9.221000e-01 8.000000e-05
9.495200e-01 5.200000e-04
9.713400e-01 5.700000e-04
9.871800e-01 3.700000e-04
9.967900e-01 1.100000e-04
1.000010e+00 0.000000e+00
