9.902681e-01 -1.391731e-01
9.871523e-01 -1.384222e-01
9.780239e-01 -1.361193e-01
9.633186e-01 -1.322551e-01
9.434272e-01 -1.270663e-01
9.185212e-01 -1.207688e-01
8.888654e-01 -1.134199e-01
8.548189e-01 -1.050501e-01
8.168600e-01 -9.577700e-02
7.754671e-01 -8.571840e-02
7.311609e-01 -7.504830e-02
6.844962e-01 -6.391550e-02
6.360475e-01 -5.254200e-02
5.863897e-01 -4.115010e-02
5.360380e-01 -2.995360e-02
4.855570e-01 -1.917310e-02
4.354777e-01 -8.984200e-03
3.863138e-01 3.893000e-04
3.385663e-01 8.776100e-03
2.926755e-01 1.600320e-02
2.490575e-01 2.194140e-02
2.081098e-01 2.647440e-02
1.701849e-01 2.952210e-02
1.355699e-01 3.104440e-02
1.045435e-01 3.101220e-02
7.729220e-02 2.945970e-02
5.398850e-02 2.646380e-02
3.472110e-02 2.215340e-02
1.954320e-02 1.676330e-02
8.533300e-03 1.063590e-02
1.867200e-03 4.160600e-03
-1.130000e-05 -1.876700e-03
3.494300e-03 -7.973900e-03
1.215460e-02 -1.468450e-02
2.566570e-02 -2.136990e-02
4.418680e-02 -2.783050e-02
6.772800e-02 -3.413810e-02
9.604770e-02 -4.036000e-02
1.288559e-01 -4.647560e-02
1.658117e-01 -5.246710e-02
2.065742e-01 -5.831710e-02
2.507178e-01 -6.403640e-02
2.977660e-01 -6.963870e-02
3.471827e-01 -7.512970e-02
3.983924e-01 -8.050900e-02
4.508237e-01 -8.574700e-02
5.038754e-01 -9.080970e-02
5.569451e-01 -9.567290e-02
6.094527e-01 -1.002955e-01
6.608454e-01 -1.046604e-01
7.105999e-01 -1.088255e-01
7.581071e-01 -1.128867e-01
8.027248e-01 -1.168852e-01
8.438082e-01 -1.208111e-01
8.807986e-01 -1.246162e-01
9.131373e-01 -1.282523e-01
9.403517e-01 -1.316327e-01
9.619663e-01 -1.346199e-01
9.776243e-01 -1.370225e-01
9.871046e-01 -1.386174e-01
9.902780e-01 -1.391745e-01
